5.870000000000000000e+02,2.330000000000000000e+02
5.860000000000000000e+02,2.320000000000000000e+02
5.850000000000000000e+02,2.320000000000000000e+02
5.840000000000000000e+02,2.310000000000000000e+02
5.840000000000000000e+02,2.300000000000000000e+02
5.830000000000000000e+02,2.290000000000000000e+02
5.820000000000000000e+02,2.280000000000000000e+02
5.810000000000000000e+02,2.270000000000000000e+02
5.800000000000000000e+02,2.260000000000000000e+02
5.790000000000000000e+02,2.250000000000000000e+02
5.780000000000000000e+02,2.240000000000000000e+02
5.770000000000000000e+02,2.230000000000000000e+02
5.770000000000000000e+02,2.220000000000000000e+02
5.760000000000000000e+02,2.210000000000000000e+02
5.750000000000000000e+02,2.200000000000000000e+02
5.740000000000000000e+02,2.190000000000000000e+02
5.730000000000000000e+02,2.180000000000000000e+02
5.720000000000000000e+02,2.170000000000000000e+02
5.710000000000000000e+02,2.160000000000000000e+02
5.700000000000000000e+02,2.150000000000000000e+02
5.700000000000000000e+02,2.140000000000000000e+02
5.690000000000000000e+02,2.130000000000000000e+02
5.680000000000000000e+02,2.120000000000000000e+02
5.670000000000000000e+02,2.110000000000000000e+02
5.660000000000000000e+02,2.100000000000000000e+02
5.650000000000000000e+02,2.090000000000000000e+02
5.640000000000000000e+02,2.080000000000000000e+02
5.630000000000000000e+02,2.070000000000000000e+02
5.620000000000000000e+02,2.060000000000000000e+02
5.620000000000000000e+02,2.050000000000000000e+02
5.610000000000000000e+02,2.040000000000000000e+02
5.600000000000000000e+02,2.030000000000000000e+02
5.590000000000000000e+02,2.020000000000000000e+02
5.580000000000000000e+02,2.010000000000000000e+02
5.570000000000000000e+02,2.000000000000000000e+02
5.560000000000000000e+02,1.990000000000000000e+02
5.550000000000000000e+02,1.980000000000000000e+02
5.550000000000000000e+02,1.970000000000000000e+02
5.540000000000000000e+02,1.960000000000000000e+02
5.530000000000000000e+02,1.950000000000000000e+02
5.520000000000000000e+02,1.940000000000000000e+02
5.510000000000000000e+02,1.930000000000000000e+02
5.500000000000000000e+02,1.920000000000000000e+02
5.490000000000000000e+02,1.910000000000000000e+02
5.480000000000000000e+02,1.900000000000000000e+02
5.480000000000000000e+02,1.890000000000000000e+02
5.470000000000000000e+02,1.880000000000000000e+02
5.460000000000000000e+02,1.870000000000000000e+02
5.450000000000000000e+02,1.860000000000000000e+02
5.440000000000000000e+02,1.850000000000000000e+02
5.430000000000000000e+02,1.840000000000000000e+02
5.420000000000000000e+02,1.830000000000000000e+02
5.410000000000000000e+02,1.820000000000000000e+02
5.410000000000000000e+02,1.810000000000000000e+02
5.400000000000000000e+02,1.800000000000000000e+02
5.390000000000000000e+02,1.790000000000000000e+02
5.380000000000000000e+02,1.780000000000000000e+02
5.370000000000000000e+02,1.770000000000000000e+02
5.360000000000000000e+02,1.760000000000000000e+02
5.350000000000000000e+02,1.750000000000000000e+02
5.340000000000000000e+02,1.740000000000000000e+02
5.330000000000000000e+02,1.730000000000000000e+02
5.330000000000000000e+02,1.720000000000000000e+02
5.320000000000000000e+02,1.710000000000000000e+02
5.310000000000000000e+02,1.700000000000000000e+02
5.300000000000000000e+02,1.690000000000000000e+02
5.290000000000000000e+02,1.680000000000000000e+02
5.280000000000000000e+02,1.670000000000000000e+02
5.270000000000000000e+02,1.660000000000000000e+02
5.260000000000000000e+02,1.650000000000000000e+02
5.260000000000000000e+02,1.640000000000000000e+02
5.250000000000000000e+02,1.630000000000000000e+02
5.240000000000000000e+02,1.620000000000000000e+02
5.230000000000000000e+02,1.610000000000000000e+02
5.220000000000000000e+02,1.600000000000000000e+02
5.210000000000000000e+02,1.590000000000000000e+02
5.200000000000000000e+02,1.580000000000000000e+02
5.190000000000000000e+02,1.570000000000000000e+02
5.190000000000000000e+02,1.560000000000000000e+02
5.180000000000000000e+02,1.550000000000000000e+02
5.170000000000000000e+02,1.540000000000000000e+02
5.160000000000000000e+02,1.530000000000000000e+02
5.150000000000000000e+02,1.520000000000000000e+02
5.140000000000000000e+02,1.510000000000000000e+02
5.130000000000000000e+02,1.500000000000000000e+02
5.120000000000000000e+02,1.490000000000000000e+02
5.120000000000000000e+02,1.480000000000000000e+02
5.110000000000000000e+02,1.470000000000000000e+02
5.100000000000000000e+02,1.460000000000000000e+02
5.090000000000000000e+02,1.450000000000000000e+02
5.080000000000000000e+02,1.440000000000000000e+02
5.070000000000000000e+02,1.430000000000000000e+02
5.060000000000000000e+02,1.420000000000000000e+02
5.050000000000000000e+02,1.410000000000000000e+02
5.040000000000000000e+02,1.400000000000000000e+02
5.040000000000000000e+02,1.390000000000000000e+02
5.030000000000000000e+02,1.380000000000000000e+02
5.020000000000000000e+02,1.370000000000000000e+02
5.010000000000000000e+02,1.360000000000000000e+02
5.000000000000000000e+02,1.350000000000000000e+02
4.990000000000000000e+02,1.340000000000000000e+02
4.980000000000000000e+02,1.330000000000000000e+02
4.970000000000000000e+02,1.320000000000000000e+02
4.970000000000000000e+02,1.310000000000000000e+02
4.960000000000000000e+02,1.300000000000000000e+02
4.950000000000000000e+02,1.290000000000000000e+02
4.940000000000000000e+02,1.280000000000000000e+02
4.930000000000000000e+02,1.270000000000000000e+02
4.920000000000000000e+02,1.260000000000000000e+02
4.910000000000000000e+02,1.250000000000000000e+02
4.900000000000000000e+02,1.240000000000000000e+02
4.900000000000000000e+02,1.230000000000000000e+02
4.890000000000000000e+02,1.220000000000000000e+02
4.880000000000000000e+02,1.210000000000000000e+02
4.870000000000000000e+02,1.200000000000000000e+02
4.860000000000000000e+02,1.190000000000000000e+02
4.850000000000000000e+02,1.180000000000000000e+02
4.840000000000000000e+02,1.170000000000000000e+02
4.830000000000000000e+02,1.160000000000000000e+02
4.820000000000000000e+02,1.150000000000000000e+02
4.820000000000000000e+02,1.140000000000000000e+02
4.810000000000000000e+02,1.130000000000000000e+02
4.800000000000000000e+02,1.120000000000000000e+02
4.790000000000000000e+02,1.110000000000000000e+02
4.780000000000000000e+02,1.100000000000000000e+02
4.770000000000000000e+02,1.090000000000000000e+02
4.760000000000000000e+02,1.080000000000000000e+02
4.750000000000000000e+02,1.070000000000000000e+02
4.750000000000000000e+02,1.060000000000000000e+02
4.740000000000000000e+02,1.050000000000000000e+02
4.730000000000000000e+02,1.040000000000000000e+02
4.720000000000000000e+02,1.030000000000000000e+02
4.710000000000000000e+02,1.020000000000000000e+02
4.700000000000000000e+02,1.010000000000000000e+02
4.690000000000000000e+02,1.000000000000000000e+02
4.680000000000000000e+02,9.900000000000000000e+01
4.680000000000000000e+02,9.800000000000000000e+01
4.670000000000000000e+02,9.700000000000000000e+01
4.660000000000000000e+02,9.600000000000000000e+01
4.650000000000000000e+02,9.500000000000000000e+01
4.640000000000000000e+02,9.400000000000000000e+01
4.630000000000000000e+02,9.300000000000000000e+01
4.620000000000000000e+02,9.200000000000000000e+01
4.610000000000000000e+02,9.100000000000000000e+01
4.610000000000000000e+02,9.000000000000000000e+01
4.600000000000000000e+02,8.900000000000000000e+01
4.590000000000000000e+02,8.800000000000000000e+01
4.580000000000000000e+02,8.700000000000000000e+01
4.570000000000000000e+02,8.600000000000000000e+01
4.560000000000000000e+02,8.500000000000000000e+01
4.550000000000000000e+02,8.400000000000000000e+01
4.540000000000000000e+02,8.300000000000000000e+01
4.530000000000000000e+02,8.200000000000000000e+01
4.530000000000000000e+02,8.100000000000000000e+01
4.520000000000000000e+02,8.000000000000000000e+01
4.510000000000000000e+02,7.900000000000000000e+01
4.500000000000000000e+02,7.800000000000000000e+01
4.490000000000000000e+02,7.700000000000000000e+01
4.480000000000000000e+02,7.600000000000000000e+01
4.470000000000000000e+02,7.500000000000000000e+01
4.460000000000000000e+02,7.400000000000000000e+01
4.460000000000000000e+02,7.300000000000000000e+01
4.450000000000000000e+02,7.200000000000000000e+01
4.440000000000000000e+02,7.100000000000000000e+01
4.430000000000000000e+02,7.000000000000000000e+01
4.420000000000000000e+02,6.900000000000000000e+01
4.410000000000000000e+02,6.800000000000000000e+01
4.400000000000000000e+02,6.700000000000000000e+01
4.390000000000000000e+02,6.600000000000000000e+01
4.390000000000000000e+02,6.500000000000000000e+01
4.380000000000000000e+02,6.400000000000000000e+01
4.370000000000000000e+02,6.300000000000000000e+01
4.360000000000000000e+02,6.200000000000000000e+01
4.350000000000000000e+02,6.100000000000000000e+01
4.340000000000000000e+02,6.000000000000000000e+01
4.330000000000000000e+02,5.900000000000000000e+01
4.320000000000000000e+02,5.800000000000000000e+01
4.310000000000000000e+02,5.700000000000000000e+01
4.300000000000000000e+02,5.600000000000000000e+01
4.290000000000000000e+02,5.500000000000000000e+01
4.280000000000000000e+02,5.400000000000000000e+01
4.270000000000000000e+02,5.300000000000000000e+01
4.260000000000000000e+02,5.200000000000000000e+01
4.250000000000000000e+02,5.100000000000000000e+01
4.240000000000000000e+02,5.100000000000000000e+01
4.230000000000000000e+02,5.000000000000000000e+01
4.220000000000000000e+02,4.900000000000000000e+01
4.210000000000000000e+02,4.800000000000000000e+01
4.200000000000000000e+02,4.800000000000000000e+01
4.190000000000000000e+02,4.700000000000000000e+01
4.180000000000000000e+02,4.700000000000000000e+01
4.170000000000000000e+02,4.600000000000000000e+01
4.160000000000000000e+02,4.500000000000000000e+01
4.150000000000000000e+02,4.500000000000000000e+01
4.140000000000000000e+02,4.400000000000000000e+01
4.130000000000000000e+02,4.400000000000000000e+01
4.120000000000000000e+02,4.300000000000000000e+01
4.110000000000000000e+02,4.300000000000000000e+01
4.100000000000000000e+02,4.200000000000000000e+01
4.090000000000000000e+02,4.200000000000000000e+01
4.080000000000000000e+02,4.200000000000000000e+01
4.070000000000000000e+02,4.100000000000000000e+01
4.060000000000000000e+02,4.100000000000000000e+01
4.050000000000000000e+02,4.000000000000000000e+01
4.040000000000000000e+02,4.000000000000000000e+01
4.030000000000000000e+02,4.000000000000000000e+01
4.020000000000000000e+02,4.000000000000000000e+01
4.010000000000000000e+02,3.900000000000000000e+01
4.000000000000000000e+02,3.900000000000000000e+01
3.990000000000000000e+02,3.900000000000000000e+01
3.980000000000000000e+02,3.800000000000000000e+01
3.970000000000000000e+02,3.800000000000000000e+01
3.960000000000000000e+02,3.800000000000000000e+01
3.950000000000000000e+02,3.800000000000000000e+01
3.940000000000000000e+02,3.800000000000000000e+01
3.930000000000000000e+02,3.800000000000000000e+01
3.920000000000000000e+02,3.800000000000000000e+01
3.910000000000000000e+02,3.700000000000000000e+01
3.900000000000000000e+02,3.700000000000000000e+01
3.890000000000000000e+02,3.700000000000000000e+01
3.880000000000000000e+02,3.700000000000000000e+01
3.870000000000000000e+02,3.700000000000000000e+01
3.860000000000000000e+02,3.700000000000000000e+01
3.850000000000000000e+02,3.700000000000000000e+01
3.840000000000000000e+02,3.700000000000000000e+01
3.830000000000000000e+02,3.700000000000000000e+01
3.820000000000000000e+02,3.700000000000000000e+01
3.810000000000000000e+02,3.700000000000000000e+01
3.800000000000000000e+02,3.700000000000000000e+01
3.790000000000000000e+02,3.700000000000000000e+01
3.780000000000000000e+02,3.700000000000000000e+01
3.770000000000000000e+02,3.700000000000000000e+01
3.760000000000000000e+02,3.800000000000000000e+01
3.750000000000000000e+02,3.800000000000000000e+01
3.740000000000000000e+02,3.800000000000000000e+01
3.730000000000000000e+02,3.800000000000000000e+01
3.720000000000000000e+02,3.800000000000000000e+01
3.710000000000000000e+02,3.800000000000000000e+01
3.700000000000000000e+02,3.900000000000000000e+01
3.690000000000000000e+02,3.900000000000000000e+01
3.680000000000000000e+02,3.900000000000000000e+01
3.670000000000000000e+02,3.900000000000000000e+01
3.660000000000000000e+02,4.000000000000000000e+01
3.650000000000000000e+02,4.000000000000000000e+01
3.640000000000000000e+02,4.000000000000000000e+01
3.630000000000000000e+02,4.000000000000000000e+01
3.620000000000000000e+02,4.100000000000000000e+01
3.610000000000000000e+02,4.100000000000000000e+01
3.600000000000000000e+02,4.200000000000000000e+01
3.590000000000000000e+02,4.200000000000000000e+01
3.580000000000000000e+02,4.200000000000000000e+01
3.570000000000000000e+02,4.300000000000000000e+01
3.560000000000000000e+02,4.300000000000000000e+01
3.550000000000000000e+02,4.400000000000000000e+01
3.540000000000000000e+02,4.400000000000000000e+01
3.530000000000000000e+02,4.500000000000000000e+01
3.520000000000000000e+02,4.500000000000000000e+01
3.510000000000000000e+02,4.600000000000000000e+01
3.500000000000000000e+02,4.700000000000000000e+01
3.490000000000000000e+02,4.700000000000000000e+01
3.480000000000000000e+02,4.800000000000000000e+01
3.470000000000000000e+02,4.800000000000000000e+01
3.460000000000000000e+02,4.900000000000000000e+01
3.450000000000000000e+02,5.000000000000000000e+01
3.440000000000000000e+02,5.100000000000000000e+01
3.430000000000000000e+02,5.100000000000000000e+01
3.420000000000000000e+02,5.200000000000000000e+01
3.410000000000000000e+02,5.300000000000000000e+01
3.400000000000000000e+02,5.400000000000000000e+01
3.390000000000000000e+02,5.500000000000000000e+01
3.380000000000000000e+02,5.600000000000000000e+01
3.370000000000000000e+02,5.700000000000000000e+01
3.360000000000000000e+02,5.800000000000000000e+01
3.350000000000000000e+02,5.900000000000000000e+01
3.340000000000000000e+02,6.000000000000000000e+01
3.330000000000000000e+02,6.100000000000000000e+01
3.320000000000000000e+02,6.200000000000000000e+01
3.310000000000000000e+02,6.300000000000000000e+01
3.300000000000000000e+02,6.400000000000000000e+01
3.290000000000000000e+02,6.500000000000000000e+01
3.280000000000000000e+02,6.600000000000000000e+01
3.280000000000000000e+02,6.700000000000000000e+01
3.270000000000000000e+02,6.800000000000000000e+01
3.260000000000000000e+02,6.900000000000000000e+01
3.250000000000000000e+02,7.000000000000000000e+01
3.240000000000000000e+02,7.100000000000000000e+01
3.230000000000000000e+02,7.200000000000000000e+01
3.220000000000000000e+02,7.300000000000000000e+01
3.210000000000000000e+02,7.400000000000000000e+01
3.200000000000000000e+02,7.500000000000000000e+01
3.200000000000000000e+02,7.600000000000000000e+01
3.190000000000000000e+02,7.700000000000000000e+01
3.180000000000000000e+02,7.800000000000000000e+01
3.170000000000000000e+02,7.900000000000000000e+01
3.160000000000000000e+02,8.000000000000000000e+01
3.150000000000000000e+02,8.100000000000000000e+01
3.140000000000000000e+02,8.200000000000000000e+01
3.130000000000000000e+02,8.300000000000000000e+01
3.120000000000000000e+02,8.400000000000000000e+01
3.110000000000000000e+02,8.500000000000000000e+01
3.110000000000000000e+02,8.600000000000000000e+01
3.100000000000000000e+02,8.700000000000000000e+01
3.090000000000000000e+02,8.800000000000000000e+01
3.080000000000000000e+02,8.900000000000000000e+01
3.070000000000000000e+02,9.000000000000000000e+01
3.060000000000000000e+02,9.100000000000000000e+01
3.050000000000000000e+02,9.200000000000000000e+01
3.040000000000000000e+02,9.300000000000000000e+01
3.030000000000000000e+02,9.400000000000000000e+01
3.030000000000000000e+02,9.500000000000000000e+01
3.020000000000000000e+02,9.600000000000000000e+01
3.010000000000000000e+02,9.700000000000000000e+01
3.000000000000000000e+02,9.800000000000000000e+01
2.990000000000000000e+02,9.900000000000000000e+01
2.980000000000000000e+02,1.000000000000000000e+02
2.970000000000000000e+02,1.010000000000000000e+02
2.960000000000000000e+02,1.020000000000000000e+02
2.950000000000000000e+02,1.030000000000000000e+02
2.940000000000000000e+02,1.040000000000000000e+02
2.940000000000000000e+02,1.050000000000000000e+02
2.930000000000000000e+02,1.060000000000000000e+02
2.920000000000000000e+02,1.070000000000000000e+02
2.910000000000000000e+02,1.080000000000000000e+02
2.900000000000000000e+02,1.090000000000000000e+02
2.890000000000000000e+02,1.100000000000000000e+02
2.880000000000000000e+02,1.110000000000000000e+02
2.870000000000000000e+02,1.120000000000000000e+02
2.860000000000000000e+02,1.130000000000000000e+02
2.850000000000000000e+02,1.140000000000000000e+02
2.850000000000000000e+02,1.150000000000000000e+02
2.840000000000000000e+02,1.160000000000000000e+02
2.830000000000000000e+02,1.170000000000000000e+02
2.820000000000000000e+02,1.180000000000000000e+02
2.810000000000000000e+02,1.190000000000000000e+02
2.800000000000000000e+02,1.200000000000000000e+02
2.790000000000000000e+02,1.210000000000000000e+02
2.780000000000000000e+02,1.220000000000000000e+02
2.770000000000000000e+02,1.230000000000000000e+02
2.770000000000000000e+02,1.240000000000000000e+02
2.760000000000000000e+02,1.250000000000000000e+02
2.750000000000000000e+02,1.260000000000000000e+02
2.740000000000000000e+02,1.270000000000000000e+02
2.730000000000000000e+02,1.280000000000000000e+02
2.720000000000000000e+02,1.290000000000000000e+02
2.710000000000000000e+02,1.300000000000000000e+02
2.700000000000000000e+02,1.310000000000000000e+02
2.690000000000000000e+02,1.320000000000000000e+02
2.680000000000000000e+02,1.330000000000000000e+02
2.680000000000000000e+02,1.340000000000000000e+02
2.670000000000000000e+02,1.350000000000000000e+02
2.660000000000000000e+02,1.360000000000000000e+02
2.650000000000000000e+02,1.370000000000000000e+02
2.640000000000000000e+02,1.380000000000000000e+02
2.630000000000000000e+02,1.390000000000000000e+02
2.620000000000000000e+02,1.400000000000000000e+02
2.610000000000000000e+02,1.410000000000000000e+02
2.600000000000000000e+02,1.420000000000000000e+02
2.600000000000000000e+02,1.430000000000000000e+02
2.590000000000000000e+02,1.440000000000000000e+02
2.580000000000000000e+02,1.450000000000000000e+02
2.570000000000000000e+02,1.460000000000000000e+02
2.560000000000000000e+02,1.470000000000000000e+02
2.550000000000000000e+02,1.480000000000000000e+02
2.540000000000000000e+02,1.490000000000000000e+02
2.530000000000000000e+02,1.500000000000000000e+02
2.520000000000000000e+02,1.510000000000000000e+02
2.510000000000000000e+02,1.520000000000000000e+02
2.510000000000000000e+02,1.530000000000000000e+02
2.500000000000000000e+02,1.540000000000000000e+02
2.490000000000000000e+02,1.550000000000000000e+02
2.480000000000000000e+02,1.560000000000000000e+02
2.470000000000000000e+02,1.570000000000000000e+02
2.460000000000000000e+02,1.580000000000000000e+02
2.450000000000000000e+02,1.590000000000000000e+02
2.440000000000000000e+02,1.600000000000000000e+02
2.430000000000000000e+02,1.610000000000000000e+02
2.420000000000000000e+02,1.620000000000000000e+02
2.420000000000000000e+02,1.630000000000000000e+02
2.410000000000000000e+02,1.640000000000000000e+02
2.400000000000000000e+02,1.650000000000000000e+02
2.390000000000000000e+02,1.660000000000000000e+02
2.380000000000000000e+02,1.670000000000000000e+02
2.370000000000000000e+02,1.680000000000000000e+02
2.360000000000000000e+02,1.690000000000000000e+02
2.350000000000000000e+02,1.700000000000000000e+02
2.340000000000000000e+02,1.710000000000000000e+02
2.340000000000000000e+02,1.720000000000000000e+02
2.330000000000000000e+02,1.730000000000000000e+02
2.320000000000000000e+02,1.740000000000000000e+02
2.310000000000000000e+02,1.750000000000000000e+02
2.300000000000000000e+02,1.760000000000000000e+02
2.290000000000000000e+02,1.770000000000000000e+02
2.280000000000000000e+02,1.780000000000000000e+02
2.270000000000000000e+02,1.790000000000000000e+02
2.260000000000000000e+02,1.800000000000000000e+02
2.250000000000000000e+02,1.810000000000000000e+02
2.250000000000000000e+02,1.820000000000000000e+02
2.240000000000000000e+02,1.830000000000000000e+02
2.230000000000000000e+02,1.840000000000000000e+02
2.220000000000000000e+02,1.850000000000000000e+02
2.210000000000000000e+02,1.860000000000000000e+02
2.200000000000000000e+02,1.870000000000000000e+02
2.190000000000000000e+02,1.870000000000000000e+02
2.180000000000000000e+02,1.880000000000000000e+02
2.170000000000000000e+02,1.890000000000000000e+02
2.160000000000000000e+02,1.900000000000000000e+02
2.150000000000000000e+02,1.910000000000000000e+02
2.140000000000000000e+02,1.910000000000000000e+02
2.130000000000000000e+02,1.920000000000000000e+02
2.120000000000000000e+02,1.930000000000000000e+02
2.110000000000000000e+02,1.930000000000000000e+02
2.100000000000000000e+02,1.940000000000000000e+02
2.090000000000000000e+02,1.950000000000000000e+02
2.080000000000000000e+02,1.950000000000000000e+02
2.070000000000000000e+02,1.960000000000000000e+02
2.060000000000000000e+02,1.960000000000000000e+02
2.050000000000000000e+02,1.970000000000000000e+02
2.040000000000000000e+02,1.980000000000000000e+02
2.030000000000000000e+02,1.980000000000000000e+02
2.020000000000000000e+02,1.990000000000000000e+02
2.010000000000000000e+02,1.990000000000000000e+02
2.000000000000000000e+02,2.000000000000000000e+02
1.990000000000000000e+02,2.000000000000000000e+02
1.980000000000000000e+02,2.010000000000000000e+02
1.970000000000000000e+02,2.010000000000000000e+02
1.960000000000000000e+02,2.020000000000000000e+02
1.950000000000000000e+02,2.020000000000000000e+02
1.940000000000000000e+02,2.020000000000000000e+02
1.930000000000000000e+02,2.030000000000000000e+02
1.920000000000000000e+02,2.030000000000000000e+02
1.910000000000000000e+02,2.030000000000000000e+02
1.900000000000000000e+02,2.040000000000000000e+02
1.890000000000000000e+02,2.040000000000000000e+02
1.880000000000000000e+02,2.050000000000000000e+02
1.870000000000000000e+02,2.050000000000000000e+02
1.860000000000000000e+02,2.050000000000000000e+02
1.850000000000000000e+02,2.060000000000000000e+02
1.840000000000000000e+02,2.060000000000000000e+02
1.830000000000000000e+02,2.060000000000000000e+02
1.820000000000000000e+02,2.060000000000000000e+02
1.810000000000000000e+02,2.070000000000000000e+02
1.800000000000000000e+02,2.070000000000000000e+02
1.790000000000000000e+02,2.070000000000000000e+02
1.780000000000000000e+02,2.080000000000000000e+02
1.770000000000000000e+02,2.080000000000000000e+02
1.760000000000000000e+02,2.080000000000000000e+02
1.750000000000000000e+02,2.080000000000000000e+02
1.740000000000000000e+02,2.080000000000000000e+02
1.730000000000000000e+02,2.080000000000000000e+02
1.720000000000000000e+02,2.090000000000000000e+02
1.710000000000000000e+02,2.090000000000000000e+02
1.700000000000000000e+02,2.090000000000000000e+02
1.690000000000000000e+02,2.090000000000000000e+02
1.680000000000000000e+02,2.090000000000000000e+02
1.670000000000000000e+02,2.090000000000000000e+02
1.660000000000000000e+02,2.100000000000000000e+02
1.650000000000000000e+02,2.100000000000000000e+02
1.640000000000000000e+02,2.100000000000000000e+02
1.630000000000000000e+02,2.100000000000000000e+02
1.620000000000000000e+02,2.100000000000000000e+02
1.610000000000000000e+02,2.100000000000000000e+02
1.600000000000000000e+02,2.100000000000000000e+02
1.590000000000000000e+02,2.100000000000000000e+02
1.580000000000000000e+02,2.100000000000000000e+02
1.570000000000000000e+02,2.100000000000000000e+02
1.560000000000000000e+02,2.100000000000000000e+02
1.550000000000000000e+02,2.100000000000000000e+02
1.540000000000000000e+02,2.100000000000000000e+02
1.530000000000000000e+02,2.100000000000000000e+02
1.520000000000000000e+02,2.100000000000000000e+02
1.510000000000000000e+02,2.100000000000000000e+02
1.500000000000000000e+02,2.100000000000000000e+02
1.490000000000000000e+02,2.100000000000000000e+02
1.480000000000000000e+02,2.100000000000000000e+02
1.470000000000000000e+02,2.100000000000000000e+02
1.460000000000000000e+02,2.100000000000000000e+02
1.450000000000000000e+02,2.100000000000000000e+02
1.440000000000000000e+02,2.090000000000000000e+02
1.430000000000000000e+02,2.090000000000000000e+02
1.420000000000000000e+02,2.090000000000000000e+02
1.410000000000000000e+02,2.090000000000000000e+02
1.400000000000000000e+02,2.090000000000000000e+02
1.390000000000000000e+02,2.090000000000000000e+02
1.380000000000000000e+02,2.090000000000000000e+02
1.370000000000000000e+02,2.090000000000000000e+02
1.360000000000000000e+02,2.080000000000000000e+02
1.350000000000000000e+02,2.080000000000000000e+02
1.340000000000000000e+02,2.080000000000000000e+02
1.330000000000000000e+02,2.080000000000000000e+02
1.320000000000000000e+02,2.070000000000000000e+02
1.310000000000000000e+02,2.070000000000000000e+02
1.300000000000000000e+02,2.070000000000000000e+02
1.290000000000000000e+02,2.070000000000000000e+02
1.280000000000000000e+02,2.060000000000000000e+02
1.270000000000000000e+02,2.060000000000000000e+02
1.260000000000000000e+02,2.060000000000000000e+02
1.250000000000000000e+02,2.060000000000000000e+02
1.240000000000000000e+02,2.050000000000000000e+02
1.230000000000000000e+02,2.050000000000000000e+02
1.220000000000000000e+02,2.050000000000000000e+02
1.210000000000000000e+02,2.040000000000000000e+02
1.200000000000000000e+02,2.040000000000000000e+02
1.190000000000000000e+02,2.040000000000000000e+02
1.180000000000000000e+02,2.030000000000000000e+02
1.170000000000000000e+02,2.030000000000000000e+02
1.160000000000000000e+02,2.020000000000000000e+02
1.150000000000000000e+02,2.020000000000000000e+02
1.140000000000000000e+02,2.010000000000000000e+02
1.130000000000000000e+02,2.010000000000000000e+02
1.120000000000000000e+02,2.010000000000000000e+02
1.110000000000000000e+02,2.000000000000000000e+02
1.100000000000000000e+02,2.000000000000000000e+02
1.090000000000000000e+02,1.990000000000000000e+02
1.080000000000000000e+02,1.990000000000000000e+02
1.070000000000000000e+02,1.980000000000000000e+02
1.060000000000000000e+02,1.980000000000000000e+02
1.050000000000000000e+02,1.970000000000000000e+02
1.040000000000000000e+02,1.960000000000000000e+02
1.030000000000000000e+02,1.960000000000000000e+02
1.020000000000000000e+02,1.950000000000000000e+02
1.010000000000000000e+02,1.950000000000000000e+02
1.000000000000000000e+02,1.940000000000000000e+02
9.900000000000000000e+01,1.930000000000000000e+02
9.800000000000000000e+01,1.930000000000000000e+02
9.700000000000000000e+01,1.920000000000000000e+02
9.600000000000000000e+01,1.910000000000000000e+02
9.500000000000000000e+01,1.910000000000000000e+02
9.400000000000000000e+01,1.900000000000000000e+02
9.300000000000000000e+01,1.890000000000000000e+02
9.200000000000000000e+01,1.880000000000000000e+02
9.100000000000000000e+01,1.870000000000000000e+02
9.000000000000000000e+01,1.870000000000000000e+02
8.900000000000000000e+01,1.860000000000000000e+02
8.800000000000000000e+01,1.850000000000000000e+02
8.700000000000000000e+01,1.840000000000000000e+02
8.600000000000000000e+01,1.830000000000000000e+02
8.500000000000000000e+01,1.820000000000000000e+02
8.400000000000000000e+01,1.810000000000000000e+02
8.300000000000000000e+01,1.800000000000000000e+02
8.200000000000000000e+01,1.790000000000000000e+02
8.100000000000000000e+01,1.780000000000000000e+02
8.000000000000000000e+01,1.770000000000000000e+02
7.900000000000000000e+01,1.760000000000000000e+02
7.800000000000000000e+01,1.750000000000000000e+02
7.700000000000000000e+01,1.740000000000000000e+02
7.700000000000000000e+01,1.730000000000000000e+02
7.600000000000000000e+01,1.720000000000000000e+02
7.500000000000000000e+01,1.710000000000000000e+02
7.400000000000000000e+01,1.700000000000000000e+02
7.300000000000000000e+01,1.690000000000000000e+02
7.300000000000000000e+01,1.680000000000000000e+02
7.200000000000000000e+01,1.670000000000000000e+02
7.100000000000000000e+01,1.660000000000000000e+02
7.100000000000000000e+01,1.650000000000000000e+02
7.000000000000000000e+01,1.640000000000000000e+02
6.900000000000000000e+01,1.630000000000000000e+02
6.900000000000000000e+01,1.620000000000000000e+02
6.800000000000000000e+01,1.610000000000000000e+02
6.700000000000000000e+01,1.600000000000000000e+02
6.700000000000000000e+01,1.590000000000000000e+02
6.600000000000000000e+01,1.580000000000000000e+02
6.600000000000000000e+01,1.570000000000000000e+02
6.500000000000000000e+01,1.560000000000000000e+02
6.500000000000000000e+01,1.550000000000000000e+02
6.400000000000000000e+01,1.540000000000000000e+02
6.400000000000000000e+01,1.530000000000000000e+02
6.300000000000000000e+01,1.520000000000000000e+02
6.300000000000000000e+01,1.510000000000000000e+02
6.200000000000000000e+01,1.500000000000000000e+02
6.200000000000000000e+01,1.490000000000000000e+02
6.200000000000000000e+01,1.480000000000000000e+02
6.100000000000000000e+01,1.470000000000000000e+02
6.100000000000000000e+01,1.460000000000000000e+02
6.000000000000000000e+01,1.450000000000000000e+02
6.000000000000000000e+01,1.440000000000000000e+02
6.000000000000000000e+01,1.430000000000000000e+02
5.900000000000000000e+01,1.420000000000000000e+02
5.900000000000000000e+01,1.410000000000000000e+02
5.900000000000000000e+01,1.400000000000000000e+02
5.800000000000000000e+01,1.390000000000000000e+02
5.800000000000000000e+01,1.380000000000000000e+02
5.800000000000000000e+01,1.370000000000000000e+02
5.800000000000000000e+01,1.360000000000000000e+02
5.700000000000000000e+01,1.350000000000000000e+02
5.700000000000000000e+01,1.340000000000000000e+02
5.700000000000000000e+01,1.330000000000000000e+02
5.600000000000000000e+01,1.320000000000000000e+02
5.600000000000000000e+01,1.310000000000000000e+02
5.600000000000000000e+01,1.300000000000000000e+02
5.600000000000000000e+01,1.290000000000000000e+02
5.600000000000000000e+01,1.280000000000000000e+02
5.600000000000000000e+01,1.270000000000000000e+02
5.500000000000000000e+01,1.260000000000000000e+02
5.500000000000000000e+01,1.250000000000000000e+02
5.500000000000000000e+01,1.240000000000000000e+02
5.500000000000000000e+01,1.230000000000000000e+02
5.500000000000000000e+01,1.220000000000000000e+02
5.500000000000000000e+01,1.210000000000000000e+02
5.500000000000000000e+01,1.200000000000000000e+02
5.400000000000000000e+01,1.190000000000000000e+02
5.300000000000000000e+01,1.190000000000000000e+02
5.200000000000000000e+01,1.200000000000000000e+02
5.100000000000000000e+01,1.200000000000000000e+02
5.000000000000000000e+01,1.210000000000000000e+02
5.000000000000000000e+01,1.200000000000000000e+02
5.000000000000000000e+01,1.190000000000000000e+02
5.100000000000000000e+01,1.180000000000000000e+02
5.100000000000000000e+01,1.170000000000000000e+02
5.200000000000000000e+01,1.160000000000000000e+02
5.200000000000000000e+01,1.150000000000000000e+02
5.300000000000000000e+01,1.140000000000000000e+02
5.300000000000000000e+01,1.130000000000000000e+02
5.400000000000000000e+01,1.120000000000000000e+02
5.400000000000000000e+01,1.110000000000000000e+02
5.400000000000000000e+01,1.100000000000000000e+02
5.400000000000000000e+01,1.090000000000000000e+02
5.400000000000000000e+01,1.080000000000000000e+02
5.400000000000000000e+01,1.070000000000000000e+02
5.400000000000000000e+01,1.060000000000000000e+02
5.400000000000000000e+01,1.050000000000000000e+02
5.400000000000000000e+01,1.040000000000000000e+02
5.400000000000000000e+01,1.030000000000000000e+02
5.400000000000000000e+01,1.020000000000000000e+02
5.400000000000000000e+01,1.010000000000000000e+02
5.500000000000000000e+01,1.000000000000000000e+02
5.500000000000000000e+01,9.900000000000000000e+01
5.500000000000000000e+01,9.800000000000000000e+01
5.500000000000000000e+01,9.700000000000000000e+01
5.500000000000000000e+01,9.600000000000000000e+01
5.500000000000000000e+01,9.500000000000000000e+01
5.500000000000000000e+01,9.400000000000000000e+01
5.600000000000000000e+01,9.300000000000000000e+01
5.600000000000000000e+01,9.200000000000000000e+01
5.600000000000000000e+01,9.100000000000000000e+01
5.600000000000000000e+01,9.000000000000000000e+01
5.600000000000000000e+01,8.900000000000000000e+01
5.700000000000000000e+01,8.800000000000000000e+01
5.700000000000000000e+01,8.700000000000000000e+01
5.700000000000000000e+01,8.600000000000000000e+01
5.700000000000000000e+01,8.500000000000000000e+01
5.800000000000000000e+01,8.400000000000000000e+01
5.800000000000000000e+01,8.300000000000000000e+01
5.800000000000000000e+01,8.200000000000000000e+01
5.800000000000000000e+01,8.100000000000000000e+01
5.900000000000000000e+01,8.000000000000000000e+01
5.900000000000000000e+01,7.900000000000000000e+01
5.900000000000000000e+01,7.800000000000000000e+01
6.000000000000000000e+01,7.700000000000000000e+01
6.000000000000000000e+01,7.600000000000000000e+01
6.000000000000000000e+01,7.500000000000000000e+01
6.100000000000000000e+01,7.400000000000000000e+01
6.100000000000000000e+01,7.300000000000000000e+01
6.200000000000000000e+01,7.200000000000000000e+01
6.200000000000000000e+01,7.100000000000000000e+01
6.200000000000000000e+01,7.000000000000000000e+01
6.300000000000000000e+01,6.900000000000000000e+01
6.300000000000000000e+01,6.800000000000000000e+01
6.400000000000000000e+01,6.700000000000000000e+01
6.400000000000000000e+01,6.600000000000000000e+01
6.500000000000000000e+01,6.500000000000000000e+01
6.500000000000000000e+01,6.400000000000000000e+01
6.600000000000000000e+01,6.300000000000000000e+01
6.600000000000000000e+01,6.200000000000000000e+01
6.700000000000000000e+01,6.100000000000000000e+01
6.800000000000000000e+01,6.000000000000000000e+01
6.800000000000000000e+01,5.900000000000000000e+01
6.900000000000000000e+01,5.800000000000000000e+01
6.900000000000000000e+01,5.700000000000000000e+01
7.000000000000000000e+01,5.600000000000000000e+01
7.100000000000000000e+01,5.500000000000000000e+01
7.100000000000000000e+01,5.400000000000000000e+01
7.200000000000000000e+01,5.300000000000000000e+01
7.300000000000000000e+01,5.200000000000000000e+01
7.300000000000000000e+01,5.100000000000000000e+01
7.400000000000000000e+01,5.000000000000000000e+01
7.500000000000000000e+01,4.900000000000000000e+01
7.600000000000000000e+01,4.800000000000000000e+01
7.700000000000000000e+01,4.700000000000000000e+01
7.700000000000000000e+01,4.600000000000000000e+01
7.800000000000000000e+01,4.500000000000000000e+01
7.900000000000000000e+01,4.400000000000000000e+01
8.000000000000000000e+01,4.300000000000000000e+01
8.100000000000000000e+01,4.200000000000000000e+01
8.200000000000000000e+01,4.100000000000000000e+01
8.300000000000000000e+01,4.000000000000000000e+01
8.400000000000000000e+01,3.900000000000000000e+01
8.500000000000000000e+01,3.800000000000000000e+01
8.600000000000000000e+01,3.700000000000000000e+01
8.700000000000000000e+01,3.600000000000000000e+01
8.800000000000000000e+01,3.500000000000000000e+01
8.900000000000000000e+01,3.400000000000000000e+01
9.000000000000000000e+01,3.300000000000000000e+01
9.100000000000000000e+01,3.300000000000000000e+01
9.200000000000000000e+01,3.200000000000000000e+01
9.300000000000000000e+01,3.100000000000000000e+01
9.400000000000000000e+01,3.000000000000000000e+01
9.500000000000000000e+01,2.900000000000000000e+01
9.600000000000000000e+01,2.900000000000000000e+01
9.700000000000000000e+01,2.800000000000000000e+01
9.800000000000000000e+01,2.700000000000000000e+01
9.900000000000000000e+01,2.700000000000000000e+01
1.000000000000000000e+02,2.600000000000000000e+01
1.010000000000000000e+02,2.500000000000000000e+01
1.020000000000000000e+02,2.500000000000000000e+01
1.030000000000000000e+02,2.400000000000000000e+01
1.040000000000000000e+02,2.300000000000000000e+01
1.050000000000000000e+02,2.300000000000000000e+01
1.060000000000000000e+02,2.200000000000000000e+01
1.070000000000000000e+02,2.200000000000000000e+01
1.080000000000000000e+02,2.100000000000000000e+01
1.090000000000000000e+02,2.100000000000000000e+01
1.100000000000000000e+02,2.000000000000000000e+01
1.110000000000000000e+02,2.000000000000000000e+01
1.120000000000000000e+02,1.900000000000000000e+01
1.130000000000000000e+02,1.900000000000000000e+01
1.140000000000000000e+02,1.800000000000000000e+01
1.150000000000000000e+02,1.800000000000000000e+01
1.160000000000000000e+02,1.800000000000000000e+01
1.170000000000000000e+02,1.700000000000000000e+01
1.180000000000000000e+02,1.700000000000000000e+01
1.190000000000000000e+02,1.600000000000000000e+01
1.200000000000000000e+02,1.600000000000000000e+01
1.210000000000000000e+02,1.600000000000000000e+01
1.220000000000000000e+02,1.500000000000000000e+01
1.230000000000000000e+02,1.500000000000000000e+01
1.240000000000000000e+02,1.500000000000000000e+01
1.250000000000000000e+02,1.400000000000000000e+01
1.260000000000000000e+02,1.400000000000000000e+01
1.270000000000000000e+02,1.400000000000000000e+01
1.280000000000000000e+02,1.300000000000000000e+01
1.290000000000000000e+02,1.300000000000000000e+01
1.300000000000000000e+02,1.300000000000000000e+01
1.310000000000000000e+02,1.300000000000000000e+01
1.320000000000000000e+02,1.200000000000000000e+01
1.330000000000000000e+02,1.200000000000000000e+01
1.340000000000000000e+02,1.200000000000000000e+01
1.350000000000000000e+02,1.200000000000000000e+01
1.360000000000000000e+02,1.200000000000000000e+01
1.370000000000000000e+02,1.100000000000000000e+01
1.380000000000000000e+02,1.100000000000000000e+01
1.390000000000000000e+02,1.100000000000000000e+01
1.400000000000000000e+02,1.100000000000000000e+01
1.410000000000000000e+02,1.100000000000000000e+01
1.420000000000000000e+02,1.100000000000000000e+01
1.430000000000000000e+02,1.100000000000000000e+01
1.440000000000000000e+02,1.000000000000000000e+01
1.450000000000000000e+02,1.000000000000000000e+01
1.460000000000000000e+02,1.000000000000000000e+01
1.470000000000000000e+02,1.000000000000000000e+01
1.480000000000000000e+02,1.000000000000000000e+01
1.490000000000000000e+02,1.000000000000000000e+01
1.500000000000000000e+02,1.000000000000000000e+01
1.510000000000000000e+02,1.000000000000000000e+01
1.520000000000000000e+02,1.000000000000000000e+01
1.530000000000000000e+02,1.000000000000000000e+01
1.540000000000000000e+02,1.000000000000000000e+01
1.550000000000000000e+02,1.000000000000000000e+01
1.560000000000000000e+02,1.000000000000000000e+01
1.570000000000000000e+02,1.000000000000000000e+01
1.580000000000000000e+02,1.000000000000000000e+01
1.590000000000000000e+02,1.000000000000000000e+01
1.600000000000000000e+02,1.000000000000000000e+01
1.610000000000000000e+02,1.000000000000000000e+01
1.620000000000000000e+02,1.000000000000000000e+01
1.630000000000000000e+02,1.000000000000000000e+01
1.640000000000000000e+02,1.000000000000000000e+01
1.650000000000000000e+02,1.000000000000000000e+01
1.660000000000000000e+02,1.000000000000000000e+01
1.670000000000000000e+02,1.000000000000000000e+01
1.680000000000000000e+02,1.000000000000000000e+01
1.690000000000000000e+02,1.000000000000000000e+01
1.700000000000000000e+02,1.000000000000000000e+01
1.710000000000000000e+02,1.000000000000000000e+01
1.720000000000000000e+02,1.000000000000000000e+01
1.730000000000000000e+02,1.000000000000000000e+01
1.740000000000000000e+02,1.000000000000000000e+01
1.750000000000000000e+02,1.000000000000000000e+01
1.760000000000000000e+02,1.000000000000000000e+01
1.770000000000000000e+02,1.000000000000000000e+01
1.780000000000000000e+02,1.000000000000000000e+01
1.790000000000000000e+02,1.000000000000000000e+01
1.800000000000000000e+02,1.000000000000000000e+01
1.810000000000000000e+02,1.000000000000000000e+01
1.820000000000000000e+02,1.000000000000000000e+01
1.830000000000000000e+02,1.000000000000000000e+01
1.840000000000000000e+02,1.000000000000000000e+01
1.850000000000000000e+02,1.000000000000000000e+01
1.860000000000000000e+02,1.000000000000000000e+01
1.870000000000000000e+02,1.000000000000000000e+01
1.880000000000000000e+02,1.000000000000000000e+01
1.890000000000000000e+02,1.000000000000000000e+01
1.900000000000000000e+02,1.000000000000000000e+01
1.910000000000000000e+02,1.000000000000000000e+01
1.920000000000000000e+02,1.000000000000000000e+01
1.930000000000000000e+02,1.000000000000000000e+01
1.940000000000000000e+02,1.000000000000000000e+01
1.950000000000000000e+02,1.000000000000000000e+01
1.960000000000000000e+02,1.000000000000000000e+01
1.970000000000000000e+02,1.000000000000000000e+01
1.980000000000000000e+02,1.000000000000000000e+01
1.990000000000000000e+02,1.000000000000000000e+01
2.000000000000000000e+02,1.000000000000000000e+01
2.010000000000000000e+02,1.000000000000000000e+01
2.020000000000000000e+02,1.000000000000000000e+01
2.030000000000000000e+02,1.000000000000000000e+01
2.040000000000000000e+02,1.000000000000000000e+01
2.050000000000000000e+02,1.000000000000000000e+01
2.060000000000000000e+02,1.000000000000000000e+01
2.070000000000000000e+02,1.000000000000000000e+01
2.080000000000000000e+02,1.000000000000000000e+01
2.090000000000000000e+02,1.000000000000000000e+01
2.100000000000000000e+02,1.000000000000000000e+01
2.110000000000000000e+02,1.000000000000000000e+01
2.120000000000000000e+02,1.000000000000000000e+01
2.130000000000000000e+02,1.000000000000000000e+01
2.140000000000000000e+02,1.000000000000000000e+01
2.150000000000000000e+02,1.000000000000000000e+01
2.160000000000000000e+02,1.000000000000000000e+01
2.170000000000000000e+02,1.000000000000000000e+01
2.180000000000000000e+02,1.000000000000000000e+01
2.190000000000000000e+02,1.000000000000000000e+01
2.200000000000000000e+02,1.000000000000000000e+01
2.210000000000000000e+02,1.000000000000000000e+01
2.220000000000000000e+02,1.000000000000000000e+01
2.230000000000000000e+02,1.000000000000000000e+01
2.240000000000000000e+02,1.000000000000000000e+01
2.250000000000000000e+02,1.000000000000000000e+01
2.260000000000000000e+02,1.000000000000000000e+01
2.270000000000000000e+02,1.000000000000000000e+01
2.280000000000000000e+02,1.000000000000000000e+01
2.290000000000000000e+02,1.000000000000000000e+01
2.300000000000000000e+02,1.000000000000000000e+01
2.310000000000000000e+02,1.000000000000000000e+01
2.320000000000000000e+02,1.000000000000000000e+01
2.330000000000000000e+02,1.000000000000000000e+01
2.340000000000000000e+02,1.000000000000000000e+01
2.350000000000000000e+02,1.000000000000000000e+01
2.360000000000000000e+02,1.000000000000000000e+01
2.370000000000000000e+02,1.000000000000000000e+01
2.380000000000000000e+02,1.000000000000000000e+01
2.390000000000000000e+02,1.000000000000000000e+01
2.400000000000000000e+02,1.000000000000000000e+01
2.410000000000000000e+02,1.000000000000000000e+01
2.420000000000000000e+02,1.000000000000000000e+01
2.430000000000000000e+02,1.000000000000000000e+01
2.440000000000000000e+02,1.000000000000000000e+01
2.450000000000000000e+02,1.000000000000000000e+01
2.460000000000000000e+02,1.000000000000000000e+01
2.470000000000000000e+02,1.000000000000000000e+01
2.480000000000000000e+02,1.000000000000000000e+01
2.490000000000000000e+02,1.000000000000000000e+01
2.500000000000000000e+02,1.000000000000000000e+01
2.510000000000000000e+02,1.000000000000000000e+01
2.520000000000000000e+02,1.000000000000000000e+01
2.530000000000000000e+02,1.000000000000000000e+01
2.540000000000000000e+02,1.000000000000000000e+01
2.550000000000000000e+02,1.000000000000000000e+01
2.560000000000000000e+02,1.000000000000000000e+01
2.570000000000000000e+02,1.000000000000000000e+01
2.580000000000000000e+02,1.000000000000000000e+01
2.590000000000000000e+02,1.000000000000000000e+01
2.600000000000000000e+02,1.000000000000000000e+01
2.610000000000000000e+02,1.000000000000000000e+01
2.620000000000000000e+02,1.000000000000000000e+01
2.630000000000000000e+02,1.000000000000000000e+01
2.640000000000000000e+02,1.000000000000000000e+01
2.650000000000000000e+02,1.000000000000000000e+01
2.660000000000000000e+02,1.000000000000000000e+01
2.670000000000000000e+02,1.000000000000000000e+01
2.680000000000000000e+02,1.000000000000000000e+01
2.690000000000000000e+02,1.000000000000000000e+01
2.700000000000000000e+02,1.000000000000000000e+01
2.710000000000000000e+02,1.000000000000000000e+01
2.720000000000000000e+02,1.000000000000000000e+01
2.730000000000000000e+02,1.000000000000000000e+01
2.740000000000000000e+02,1.000000000000000000e+01
2.750000000000000000e+02,1.000000000000000000e+01
2.760000000000000000e+02,1.000000000000000000e+01
2.770000000000000000e+02,1.000000000000000000e+01
2.780000000000000000e+02,1.000000000000000000e+01
2.790000000000000000e+02,1.000000000000000000e+01
2.800000000000000000e+02,1.000000000000000000e+01
2.810000000000000000e+02,1.000000000000000000e+01
2.820000000000000000e+02,1.000000000000000000e+01
2.830000000000000000e+02,1.000000000000000000e+01
2.840000000000000000e+02,1.000000000000000000e+01
2.850000000000000000e+02,1.000000000000000000e+01
2.860000000000000000e+02,1.000000000000000000e+01
2.870000000000000000e+02,1.000000000000000000e+01
2.880000000000000000e+02,1.000000000000000000e+01
2.890000000000000000e+02,1.000000000000000000e+01
2.900000000000000000e+02,1.000000000000000000e+01
2.910000000000000000e+02,1.000000000000000000e+01
2.920000000000000000e+02,1.000000000000000000e+01
2.930000000000000000e+02,1.000000000000000000e+01
2.940000000000000000e+02,1.000000000000000000e+01
2.950000000000000000e+02,1.000000000000000000e+01
2.960000000000000000e+02,1.000000000000000000e+01
2.970000000000000000e+02,1.000000000000000000e+01
2.980000000000000000e+02,1.000000000000000000e+01
2.990000000000000000e+02,1.000000000000000000e+01
3.000000000000000000e+02,1.000000000000000000e+01
3.010000000000000000e+02,1.000000000000000000e+01
3.020000000000000000e+02,1.000000000000000000e+01
3.030000000000000000e+02,1.000000000000000000e+01
3.040000000000000000e+02,1.000000000000000000e+01
3.050000000000000000e+02,1.000000000000000000e+01
3.060000000000000000e+02,1.000000000000000000e+01
3.070000000000000000e+02,1.000000000000000000e+01
3.080000000000000000e+02,1.000000000000000000e+01
3.090000000000000000e+02,1.000000000000000000e+01
3.100000000000000000e+02,1.000000000000000000e+01
3.110000000000000000e+02,1.000000000000000000e+01
3.120000000000000000e+02,1.000000000000000000e+01
3.130000000000000000e+02,1.000000000000000000e+01
3.140000000000000000e+02,1.000000000000000000e+01
3.150000000000000000e+02,1.000000000000000000e+01
3.160000000000000000e+02,1.000000000000000000e+01
3.170000000000000000e+02,1.000000000000000000e+01
3.180000000000000000e+02,1.000000000000000000e+01
3.190000000000000000e+02,1.000000000000000000e+01
3.200000000000000000e+02,1.000000000000000000e+01
3.210000000000000000e+02,1.000000000000000000e+01
3.220000000000000000e+02,1.000000000000000000e+01
3.230000000000000000e+02,1.000000000000000000e+01
3.240000000000000000e+02,1.000000000000000000e+01
3.250000000000000000e+02,1.000000000000000000e+01
3.260000000000000000e+02,1.000000000000000000e+01
3.270000000000000000e+02,1.000000000000000000e+01
3.280000000000000000e+02,1.000000000000000000e+01
3.290000000000000000e+02,1.000000000000000000e+01
3.300000000000000000e+02,1.000000000000000000e+01
3.310000000000000000e+02,1.000000000000000000e+01
3.320000000000000000e+02,1.000000000000000000e+01
3.330000000000000000e+02,1.000000000000000000e+01
3.340000000000000000e+02,1.000000000000000000e+01
3.350000000000000000e+02,1.000000000000000000e+01
3.360000000000000000e+02,1.000000000000000000e+01
3.370000000000000000e+02,1.000000000000000000e+01
3.380000000000000000e+02,1.000000000000000000e+01
3.390000000000000000e+02,1.000000000000000000e+01
3.400000000000000000e+02,1.000000000000000000e+01
3.410000000000000000e+02,1.000000000000000000e+01
3.420000000000000000e+02,1.000000000000000000e+01
3.430000000000000000e+02,1.000000000000000000e+01
3.440000000000000000e+02,1.000000000000000000e+01
3.450000000000000000e+02,1.000000000000000000e+01
3.460000000000000000e+02,1.000000000000000000e+01
3.470000000000000000e+02,1.000000000000000000e+01
3.480000000000000000e+02,1.000000000000000000e+01
3.490000000000000000e+02,1.000000000000000000e+01
3.500000000000000000e+02,1.000000000000000000e+01
3.510000000000000000e+02,1.000000000000000000e+01
3.520000000000000000e+02,1.000000000000000000e+01
3.530000000000000000e+02,1.000000000000000000e+01
3.540000000000000000e+02,1.000000000000000000e+01
3.550000000000000000e+02,1.000000000000000000e+01
3.560000000000000000e+02,1.000000000000000000e+01
3.570000000000000000e+02,1.000000000000000000e+01
3.580000000000000000e+02,1.000000000000000000e+01
3.590000000000000000e+02,1.000000000000000000e+01
3.600000000000000000e+02,1.000000000000000000e+01
3.610000000000000000e+02,1.000000000000000000e+01
3.620000000000000000e+02,1.000000000000000000e+01
3.630000000000000000e+02,1.000000000000000000e+01
3.640000000000000000e+02,1.000000000000000000e+01
3.650000000000000000e+02,1.000000000000000000e+01
3.660000000000000000e+02,1.000000000000000000e+01
3.670000000000000000e+02,1.000000000000000000e+01
3.680000000000000000e+02,1.000000000000000000e+01
3.690000000000000000e+02,1.000000000000000000e+01
3.700000000000000000e+02,1.000000000000000000e+01
3.710000000000000000e+02,1.000000000000000000e+01
3.720000000000000000e+02,1.000000000000000000e+01
3.730000000000000000e+02,1.000000000000000000e+01
3.740000000000000000e+02,1.000000000000000000e+01
3.750000000000000000e+02,1.000000000000000000e+01
3.760000000000000000e+02,1.000000000000000000e+01
3.770000000000000000e+02,1.000000000000000000e+01
3.780000000000000000e+02,1.000000000000000000e+01
3.790000000000000000e+02,1.000000000000000000e+01
3.800000000000000000e+02,1.000000000000000000e+01
3.810000000000000000e+02,1.000000000000000000e+01
3.820000000000000000e+02,1.000000000000000000e+01
3.830000000000000000e+02,1.000000000000000000e+01
3.840000000000000000e+02,1.000000000000000000e+01
3.850000000000000000e+02,1.000000000000000000e+01
3.860000000000000000e+02,1.000000000000000000e+01
3.870000000000000000e+02,1.000000000000000000e+01
3.880000000000000000e+02,1.000000000000000000e+01
3.890000000000000000e+02,1.000000000000000000e+01
3.900000000000000000e+02,1.000000000000000000e+01
3.910000000000000000e+02,1.000000000000000000e+01
3.920000000000000000e+02,1.000000000000000000e+01
3.930000000000000000e+02,1.000000000000000000e+01
3.940000000000000000e+02,1.000000000000000000e+01
3.950000000000000000e+02,1.000000000000000000e+01
3.960000000000000000e+02,1.000000000000000000e+01
3.970000000000000000e+02,1.000000000000000000e+01
3.980000000000000000e+02,1.000000000000000000e+01
3.990000000000000000e+02,1.000000000000000000e+01
4.000000000000000000e+02,1.000000000000000000e+01
4.010000000000000000e+02,1.000000000000000000e+01
4.020000000000000000e+02,1.000000000000000000e+01
4.030000000000000000e+02,1.000000000000000000e+01
4.040000000000000000e+02,1.000000000000000000e+01
4.050000000000000000e+02,1.000000000000000000e+01
4.060000000000000000e+02,1.000000000000000000e+01
4.070000000000000000e+02,1.000000000000000000e+01
4.080000000000000000e+02,1.000000000000000000e+01
4.090000000000000000e+02,1.000000000000000000e+01
4.100000000000000000e+02,1.000000000000000000e+01
4.110000000000000000e+02,1.000000000000000000e+01
4.120000000000000000e+02,1.000000000000000000e+01
4.130000000000000000e+02,1.000000000000000000e+01
4.140000000000000000e+02,1.000000000000000000e+01
4.150000000000000000e+02,1.000000000000000000e+01
4.160000000000000000e+02,1.000000000000000000e+01
4.170000000000000000e+02,1.000000000000000000e+01
4.180000000000000000e+02,1.000000000000000000e+01
4.190000000000000000e+02,1.000000000000000000e+01
4.200000000000000000e+02,1.000000000000000000e+01
4.210000000000000000e+02,1.000000000000000000e+01
4.220000000000000000e+02,1.000000000000000000e+01
4.230000000000000000e+02,1.000000000000000000e+01
4.240000000000000000e+02,1.000000000000000000e+01
4.250000000000000000e+02,1.000000000000000000e+01
4.260000000000000000e+02,1.000000000000000000e+01
4.270000000000000000e+02,1.000000000000000000e+01
4.280000000000000000e+02,1.000000000000000000e+01
4.290000000000000000e+02,1.000000000000000000e+01
4.300000000000000000e+02,1.000000000000000000e+01
4.310000000000000000e+02,1.000000000000000000e+01
4.320000000000000000e+02,1.000000000000000000e+01
4.330000000000000000e+02,1.000000000000000000e+01
4.340000000000000000e+02,1.000000000000000000e+01
4.350000000000000000e+02,1.000000000000000000e+01
4.360000000000000000e+02,1.000000000000000000e+01
4.370000000000000000e+02,1.000000000000000000e+01
4.380000000000000000e+02,1.000000000000000000e+01
4.390000000000000000e+02,1.000000000000000000e+01
4.400000000000000000e+02,1.000000000000000000e+01
4.410000000000000000e+02,1.000000000000000000e+01
4.420000000000000000e+02,1.000000000000000000e+01
4.430000000000000000e+02,1.000000000000000000e+01
4.440000000000000000e+02,1.000000000000000000e+01
4.450000000000000000e+02,1.000000000000000000e+01
4.460000000000000000e+02,1.000000000000000000e+01
4.470000000000000000e+02,1.000000000000000000e+01
4.480000000000000000e+02,1.000000000000000000e+01
4.490000000000000000e+02,1.000000000000000000e+01
4.500000000000000000e+02,1.000000000000000000e+01
4.510000000000000000e+02,1.000000000000000000e+01
4.520000000000000000e+02,1.000000000000000000e+01
4.530000000000000000e+02,1.000000000000000000e+01
4.540000000000000000e+02,1.000000000000000000e+01
4.550000000000000000e+02,1.000000000000000000e+01
4.560000000000000000e+02,1.000000000000000000e+01
4.570000000000000000e+02,1.000000000000000000e+01
4.580000000000000000e+02,1.000000000000000000e+01
4.590000000000000000e+02,1.000000000000000000e+01
4.600000000000000000e+02,1.000000000000000000e+01
4.610000000000000000e+02,1.000000000000000000e+01
4.620000000000000000e+02,1.000000000000000000e+01
4.630000000000000000e+02,1.000000000000000000e+01
4.640000000000000000e+02,1.000000000000000000e+01
4.650000000000000000e+02,1.000000000000000000e+01
4.660000000000000000e+02,1.000000000000000000e+01
4.670000000000000000e+02,1.000000000000000000e+01
4.680000000000000000e+02,1.000000000000000000e+01
4.690000000000000000e+02,1.000000000000000000e+01
4.700000000000000000e+02,1.000000000000000000e+01
4.710000000000000000e+02,1.000000000000000000e+01
4.720000000000000000e+02,1.000000000000000000e+01
4.730000000000000000e+02,1.000000000000000000e+01
4.740000000000000000e+02,1.000000000000000000e+01
4.750000000000000000e+02,1.000000000000000000e+01
4.760000000000000000e+02,1.000000000000000000e+01
4.770000000000000000e+02,1.000000000000000000e+01
4.780000000000000000e+02,1.000000000000000000e+01
4.790000000000000000e+02,1.000000000000000000e+01
4.800000000000000000e+02,1.000000000000000000e+01
4.810000000000000000e+02,1.000000000000000000e+01
4.820000000000000000e+02,1.000000000000000000e+01
4.830000000000000000e+02,1.000000000000000000e+01
4.840000000000000000e+02,1.000000000000000000e+01
4.850000000000000000e+02,1.000000000000000000e+01
4.860000000000000000e+02,1.000000000000000000e+01
4.870000000000000000e+02,1.000000000000000000e+01
4.880000000000000000e+02,1.000000000000000000e+01
4.890000000000000000e+02,1.000000000000000000e+01
4.900000000000000000e+02,1.000000000000000000e+01
4.910000000000000000e+02,1.000000000000000000e+01
4.920000000000000000e+02,1.000000000000000000e+01
4.930000000000000000e+02,1.000000000000000000e+01
4.940000000000000000e+02,1.000000000000000000e+01
4.950000000000000000e+02,1.000000000000000000e+01
4.960000000000000000e+02,1.000000000000000000e+01
4.970000000000000000e+02,1.000000000000000000e+01
4.980000000000000000e+02,1.000000000000000000e+01
4.990000000000000000e+02,1.000000000000000000e+01
5.000000000000000000e+02,1.000000000000000000e+01
5.010000000000000000e+02,1.000000000000000000e+01
5.020000000000000000e+02,1.000000000000000000e+01
5.030000000000000000e+02,1.000000000000000000e+01
5.040000000000000000e+02,1.000000000000000000e+01
5.050000000000000000e+02,1.000000000000000000e+01
5.060000000000000000e+02,1.000000000000000000e+01
5.070000000000000000e+02,1.000000000000000000e+01
5.080000000000000000e+02,1.000000000000000000e+01
5.090000000000000000e+02,1.000000000000000000e+01
5.100000000000000000e+02,1.000000000000000000e+01
5.110000000000000000e+02,1.000000000000000000e+01
5.120000000000000000e+02,1.000000000000000000e+01
5.130000000000000000e+02,1.000000000000000000e+01
5.140000000000000000e+02,1.000000000000000000e+01
5.150000000000000000e+02,1.000000000000000000e+01
5.160000000000000000e+02,1.000000000000000000e+01
5.170000000000000000e+02,1.000000000000000000e+01
5.180000000000000000e+02,1.000000000000000000e+01
5.190000000000000000e+02,1.000000000000000000e+01
5.200000000000000000e+02,1.000000000000000000e+01
5.210000000000000000e+02,1.000000000000000000e+01
5.220000000000000000e+02,1.000000000000000000e+01
5.230000000000000000e+02,1.000000000000000000e+01
5.240000000000000000e+02,1.000000000000000000e+01
5.250000000000000000e+02,1.000000000000000000e+01
5.260000000000000000e+02,1.000000000000000000e+01
5.270000000000000000e+02,1.000000000000000000e+01
5.280000000000000000e+02,1.000000000000000000e+01
5.290000000000000000e+02,1.000000000000000000e+01
5.300000000000000000e+02,1.000000000000000000e+01
5.310000000000000000e+02,1.000000000000000000e+01
5.320000000000000000e+02,1.000000000000000000e+01
5.330000000000000000e+02,1.000000000000000000e+01
5.340000000000000000e+02,1.000000000000000000e+01
5.350000000000000000e+02,1.000000000000000000e+01
5.360000000000000000e+02,1.000000000000000000e+01
5.370000000000000000e+02,1.000000000000000000e+01
5.380000000000000000e+02,1.000000000000000000e+01
5.390000000000000000e+02,1.000000000000000000e+01
5.400000000000000000e+02,1.000000000000000000e+01
5.410000000000000000e+02,1.000000000000000000e+01
5.420000000000000000e+02,1.000000000000000000e+01
5.430000000000000000e+02,1.000000000000000000e+01
5.440000000000000000e+02,1.000000000000000000e+01
5.450000000000000000e+02,1.000000000000000000e+01
5.460000000000000000e+02,1.000000000000000000e+01
5.470000000000000000e+02,1.000000000000000000e+01
5.480000000000000000e+02,1.000000000000000000e+01
5.490000000000000000e+02,1.000000000000000000e+01
5.500000000000000000e+02,1.000000000000000000e+01
5.510000000000000000e+02,1.000000000000000000e+01
5.520000000000000000e+02,1.000000000000000000e+01
5.530000000000000000e+02,1.000000000000000000e+01
5.540000000000000000e+02,1.000000000000000000e+01
5.550000000000000000e+02,1.000000000000000000e+01
5.560000000000000000e+02,1.000000000000000000e+01
5.570000000000000000e+02,1.000000000000000000e+01
5.580000000000000000e+02,1.000000000000000000e+01
5.590000000000000000e+02,1.000000000000000000e+01
5.600000000000000000e+02,1.000000000000000000e+01
5.610000000000000000e+02,1.000000000000000000e+01
5.620000000000000000e+02,1.000000000000000000e+01
5.630000000000000000e+02,1.000000000000000000e+01
5.640000000000000000e+02,1.000000000000000000e+01
5.650000000000000000e+02,1.000000000000000000e+01
5.660000000000000000e+02,1.000000000000000000e+01
5.670000000000000000e+02,1.000000000000000000e+01
5.680000000000000000e+02,1.000000000000000000e+01
5.690000000000000000e+02,1.000000000000000000e+01
5.700000000000000000e+02,1.000000000000000000e+01
5.710000000000000000e+02,1.000000000000000000e+01
5.720000000000000000e+02,1.000000000000000000e+01
5.730000000000000000e+02,1.000000000000000000e+01
5.740000000000000000e+02,1.000000000000000000e+01
5.750000000000000000e+02,1.000000000000000000e+01
5.760000000000000000e+02,1.000000000000000000e+01
5.770000000000000000e+02,1.000000000000000000e+01
5.780000000000000000e+02,1.000000000000000000e+01
5.790000000000000000e+02,1.000000000000000000e+01
5.800000000000000000e+02,1.000000000000000000e+01
5.810000000000000000e+02,1.000000000000000000e+01
5.820000000000000000e+02,1.000000000000000000e+01
5.830000000000000000e+02,1.000000000000000000e+01
5.840000000000000000e+02,1.000000000000000000e+01
5.850000000000000000e+02,1.000000000000000000e+01
5.860000000000000000e+02,1.000000000000000000e+01
5.870000000000000000e+02,1.000000000000000000e+01
5.880000000000000000e+02,1.000000000000000000e+01
5.890000000000000000e+02,1.000000000000000000e+01
5.900000000000000000e+02,1.000000000000000000e+01
5.910000000000000000e+02,1.000000000000000000e+01
5.920000000000000000e+02,1.000000000000000000e+01
5.930000000000000000e+02,1.000000000000000000e+01
5.940000000000000000e+02,1.000000000000000000e+01
5.950000000000000000e+02,1.000000000000000000e+01
5.960000000000000000e+02,1.000000000000000000e+01
5.970000000000000000e+02,1.000000000000000000e+01
5.980000000000000000e+02,1.000000000000000000e+01
5.990000000000000000e+02,1.000000000000000000e+01
6.000000000000000000e+02,1.000000000000000000e+01
6.010000000000000000e+02,1.000000000000000000e+01
6.020000000000000000e+02,1.000000000000000000e+01
6.030000000000000000e+02,1.000000000000000000e+01
6.040000000000000000e+02,1.000000000000000000e+01
6.050000000000000000e+02,1.000000000000000000e+01
6.060000000000000000e+02,1.000000000000000000e+01
6.070000000000000000e+02,1.000000000000000000e+01
6.080000000000000000e+02,1.000000000000000000e+01
6.090000000000000000e+02,1.000000000000000000e+01
6.100000000000000000e+02,1.000000000000000000e+01
6.110000000000000000e+02,1.000000000000000000e+01
6.120000000000000000e+02,1.000000000000000000e+01
6.130000000000000000e+02,1.000000000000000000e+01
6.140000000000000000e+02,1.000000000000000000e+01
6.150000000000000000e+02,1.100000000000000000e+01
6.150000000000000000e+02,1.200000000000000000e+01
6.150000000000000000e+02,1.300000000000000000e+01
6.150000000000000000e+02,1.400000000000000000e+01
6.150000000000000000e+02,1.500000000000000000e+01
6.150000000000000000e+02,1.600000000000000000e+01
6.150000000000000000e+02,1.700000000000000000e+01
6.150000000000000000e+02,1.800000000000000000e+01
6.150000000000000000e+02,1.900000000000000000e+01
6.150000000000000000e+02,2.000000000000000000e+01
6.150000000000000000e+02,2.100000000000000000e+01
6.150000000000000000e+02,2.200000000000000000e+01
6.150000000000000000e+02,2.300000000000000000e+01
6.150000000000000000e+02,2.400000000000000000e+01
6.150000000000000000e+02,2.500000000000000000e+01
6.150000000000000000e+02,2.600000000000000000e+01
6.150000000000000000e+02,2.700000000000000000e+01
6.150000000000000000e+02,2.800000000000000000e+01
6.150000000000000000e+02,2.900000000000000000e+01
6.150000000000000000e+02,3.000000000000000000e+01
6.150000000000000000e+02,3.100000000000000000e+01
6.150000000000000000e+02,3.200000000000000000e+01
6.150000000000000000e+02,3.300000000000000000e+01
6.150000000000000000e+02,3.400000000000000000e+01
6.150000000000000000e+02,3.500000000000000000e+01
6.150000000000000000e+02,3.600000000000000000e+01
6.150000000000000000e+02,3.700000000000000000e+01
6.150000000000000000e+02,3.800000000000000000e+01
6.150000000000000000e+02,3.900000000000000000e+01
6.150000000000000000e+02,4.000000000000000000e+01
6.150000000000000000e+02,4.100000000000000000e+01
6.150000000000000000e+02,4.200000000000000000e+01
6.150000000000000000e+02,4.300000000000000000e+01
6.150000000000000000e+02,4.400000000000000000e+01
6.150000000000000000e+02,4.500000000000000000e+01
6.150000000000000000e+02,4.600000000000000000e+01
6.150000000000000000e+02,4.700000000000000000e+01
6.150000000000000000e+02,4.800000000000000000e+01
6.150000000000000000e+02,4.900000000000000000e+01
6.150000000000000000e+02,5.000000000000000000e+01
6.150000000000000000e+02,5.100000000000000000e+01
6.150000000000000000e+02,5.200000000000000000e+01
6.150000000000000000e+02,5.300000000000000000e+01
6.150000000000000000e+02,5.400000000000000000e+01
6.150000000000000000e+02,5.500000000000000000e+01
6.150000000000000000e+02,5.600000000000000000e+01
6.150000000000000000e+02,5.700000000000000000e+01
6.150000000000000000e+02,5.800000000000000000e+01
6.150000000000000000e+02,5.900000000000000000e+01
6.150000000000000000e+02,6.000000000000000000e+01
6.150000000000000000e+02,6.100000000000000000e+01
6.150000000000000000e+02,6.200000000000000000e+01
6.150000000000000000e+02,6.300000000000000000e+01
6.150000000000000000e+02,6.400000000000000000e+01
6.150000000000000000e+02,6.500000000000000000e+01
6.150000000000000000e+02,6.600000000000000000e+01
6.150000000000000000e+02,6.700000000000000000e+01
6.150000000000000000e+02,6.800000000000000000e+01
6.150000000000000000e+02,6.900000000000000000e+01
6.150000000000000000e+02,7.000000000000000000e+01
6.150000000000000000e+02,7.100000000000000000e+01
6.150000000000000000e+02,7.200000000000000000e+01
6.150000000000000000e+02,7.300000000000000000e+01
6.150000000000000000e+02,7.400000000000000000e+01
6.150000000000000000e+02,7.500000000000000000e+01
6.150000000000000000e+02,7.600000000000000000e+01
6.150000000000000000e+02,7.700000000000000000e+01
6.150000000000000000e+02,7.800000000000000000e+01
6.150000000000000000e+02,7.900000000000000000e+01
6.150000000000000000e+02,8.000000000000000000e+01
6.150000000000000000e+02,8.100000000000000000e+01
6.150000000000000000e+02,8.200000000000000000e+01
6.150000000000000000e+02,8.300000000000000000e+01
6.150000000000000000e+02,8.400000000000000000e+01
6.150000000000000000e+02,8.500000000000000000e+01
6.150000000000000000e+02,8.600000000000000000e+01
6.150000000000000000e+02,8.700000000000000000e+01
6.150000000000000000e+02,8.800000000000000000e+01
6.150000000000000000e+02,8.900000000000000000e+01
6.150000000000000000e+02,9.000000000000000000e+01
6.150000000000000000e+02,9.100000000000000000e+01
6.150000000000000000e+02,9.200000000000000000e+01
6.150000000000000000e+02,9.300000000000000000e+01
6.150000000000000000e+02,9.400000000000000000e+01
6.150000000000000000e+02,9.500000000000000000e+01
6.150000000000000000e+02,9.600000000000000000e+01
6.150000000000000000e+02,9.700000000000000000e+01
6.150000000000000000e+02,9.800000000000000000e+01
6.150000000000000000e+02,9.900000000000000000e+01
6.150000000000000000e+02,1.000000000000000000e+02
6.150000000000000000e+02,1.010000000000000000e+02
6.150000000000000000e+02,1.020000000000000000e+02
6.150000000000000000e+02,1.030000000000000000e+02
6.150000000000000000e+02,1.040000000000000000e+02
6.150000000000000000e+02,1.050000000000000000e+02
6.150000000000000000e+02,1.060000000000000000e+02
6.150000000000000000e+02,1.070000000000000000e+02
6.150000000000000000e+02,1.080000000000000000e+02
6.150000000000000000e+02,1.090000000000000000e+02
6.150000000000000000e+02,1.100000000000000000e+02
6.150000000000000000e+02,1.110000000000000000e+02
6.150000000000000000e+02,1.120000000000000000e+02
6.150000000000000000e+02,1.130000000000000000e+02
6.150000000000000000e+02,1.140000000000000000e+02
6.150000000000000000e+02,1.150000000000000000e+02
6.150000000000000000e+02,1.160000000000000000e+02
6.150000000000000000e+02,1.170000000000000000e+02
6.150000000000000000e+02,1.180000000000000000e+02
6.150000000000000000e+02,1.190000000000000000e+02
6.150000000000000000e+02,1.200000000000000000e+02
6.150000000000000000e+02,1.210000000000000000e+02
6.150000000000000000e+02,1.220000000000000000e+02
6.150000000000000000e+02,1.230000000000000000e+02
6.150000000000000000e+02,1.240000000000000000e+02
6.150000000000000000e+02,1.250000000000000000e+02
6.150000000000000000e+02,1.260000000000000000e+02
6.150000000000000000e+02,1.270000000000000000e+02
6.150000000000000000e+02,1.280000000000000000e+02
6.150000000000000000e+02,1.290000000000000000e+02
6.150000000000000000e+02,1.300000000000000000e+02
6.150000000000000000e+02,1.310000000000000000e+02
6.150000000000000000e+02,1.320000000000000000e+02
6.150000000000000000e+02,1.330000000000000000e+02
6.150000000000000000e+02,1.340000000000000000e+02
6.150000000000000000e+02,1.350000000000000000e+02
6.150000000000000000e+02,1.360000000000000000e+02
6.150000000000000000e+02,1.370000000000000000e+02
6.150000000000000000e+02,1.380000000000000000e+02
6.150000000000000000e+02,1.390000000000000000e+02
6.150000000000000000e+02,1.400000000000000000e+02
6.150000000000000000e+02,1.410000000000000000e+02
6.150000000000000000e+02,1.420000000000000000e+02
6.150000000000000000e+02,1.430000000000000000e+02
6.150000000000000000e+02,1.440000000000000000e+02
6.150000000000000000e+02,1.450000000000000000e+02
6.150000000000000000e+02,1.460000000000000000e+02
6.150000000000000000e+02,1.470000000000000000e+02
6.150000000000000000e+02,1.480000000000000000e+02
6.150000000000000000e+02,1.490000000000000000e+02
6.150000000000000000e+02,1.500000000000000000e+02
6.150000000000000000e+02,1.510000000000000000e+02
6.150000000000000000e+02,1.520000000000000000e+02
6.150000000000000000e+02,1.530000000000000000e+02
6.150000000000000000e+02,1.540000000000000000e+02
6.150000000000000000e+02,1.550000000000000000e+02
6.150000000000000000e+02,1.560000000000000000e+02
6.150000000000000000e+02,1.570000000000000000e+02
6.150000000000000000e+02,1.580000000000000000e+02
6.150000000000000000e+02,1.590000000000000000e+02
6.150000000000000000e+02,1.600000000000000000e+02
6.150000000000000000e+02,1.610000000000000000e+02
6.150000000000000000e+02,1.620000000000000000e+02
6.150000000000000000e+02,1.630000000000000000e+02
6.150000000000000000e+02,1.640000000000000000e+02
6.150000000000000000e+02,1.650000000000000000e+02
6.150000000000000000e+02,1.660000000000000000e+02
6.150000000000000000e+02,1.670000000000000000e+02
6.150000000000000000e+02,1.680000000000000000e+02
6.150000000000000000e+02,1.690000000000000000e+02
6.150000000000000000e+02,1.700000000000000000e+02
6.150000000000000000e+02,1.710000000000000000e+02
6.150000000000000000e+02,1.720000000000000000e+02
6.150000000000000000e+02,1.730000000000000000e+02
6.150000000000000000e+02,1.740000000000000000e+02
6.150000000000000000e+02,1.750000000000000000e+02
6.150000000000000000e+02,1.760000000000000000e+02
6.150000000000000000e+02,1.770000000000000000e+02
6.150000000000000000e+02,1.780000000000000000e+02
6.150000000000000000e+02,1.790000000000000000e+02
6.150000000000000000e+02,1.800000000000000000e+02
6.150000000000000000e+02,1.810000000000000000e+02
6.150000000000000000e+02,1.820000000000000000e+02
6.150000000000000000e+02,1.830000000000000000e+02
6.150000000000000000e+02,1.840000000000000000e+02
6.150000000000000000e+02,1.850000000000000000e+02
6.150000000000000000e+02,1.860000000000000000e+02
6.150000000000000000e+02,1.870000000000000000e+02
6.150000000000000000e+02,1.880000000000000000e+02
6.150000000000000000e+02,1.890000000000000000e+02
6.150000000000000000e+02,1.900000000000000000e+02
6.150000000000000000e+02,1.910000000000000000e+02
6.150000000000000000e+02,1.920000000000000000e+02
6.150000000000000000e+02,1.930000000000000000e+02
6.150000000000000000e+02,1.940000000000000000e+02
6.150000000000000000e+02,1.950000000000000000e+02
6.150000000000000000e+02,1.960000000000000000e+02
6.150000000000000000e+02,1.970000000000000000e+02
6.150000000000000000e+02,1.980000000000000000e+02
6.150000000000000000e+02,1.990000000000000000e+02
6.150000000000000000e+02,2.000000000000000000e+02
6.150000000000000000e+02,2.010000000000000000e+02
6.150000000000000000e+02,2.020000000000000000e+02
6.150000000000000000e+02,2.030000000000000000e+02
6.150000000000000000e+02,2.040000000000000000e+02
6.150000000000000000e+02,2.050000000000000000e+02
6.150000000000000000e+02,2.060000000000000000e+02
6.150000000000000000e+02,2.070000000000000000e+02
6.150000000000000000e+02,2.080000000000000000e+02
6.150000000000000000e+02,2.090000000000000000e+02
6.150000000000000000e+02,2.100000000000000000e+02
6.150000000000000000e+02,2.110000000000000000e+02
6.150000000000000000e+02,2.120000000000000000e+02
6.150000000000000000e+02,2.130000000000000000e+02
6.150000000000000000e+02,2.140000000000000000e+02
6.150000000000000000e+02,2.150000000000000000e+02
6.150000000000000000e+02,2.160000000000000000e+02
6.150000000000000000e+02,2.170000000000000000e+02
6.150000000000000000e+02,2.180000000000000000e+02
6.150000000000000000e+02,2.190000000000000000e+02
6.150000000000000000e+02,2.200000000000000000e+02
6.150000000000000000e+02,2.210000000000000000e+02
6.150000000000000000e+02,2.220000000000000000e+02
6.150000000000000000e+02,2.230000000000000000e+02
6.150000000000000000e+02,2.240000000000000000e+02
6.150000000000000000e+02,2.250000000000000000e+02
6.150000000000000000e+02,2.260000000000000000e+02
6.150000000000000000e+02,2.270000000000000000e+02
6.150000000000000000e+02,2.280000000000000000e+02
6.150000000000000000e+02,2.290000000000000000e+02
6.150000000000000000e+02,2.300000000000000000e+02
6.150000000000000000e+02,2.310000000000000000e+02
6.150000000000000000e+02,2.320000000000000000e+02
6.140000000000000000e+02,2.330000000000000000e+02
6.130000000000000000e+02,2.330000000000000000e+02
6.120000000000000000e+02,2.330000000000000000e+02
6.110000000000000000e+02,2.330000000000000000e+02
6.100000000000000000e+02,2.330000000000000000e+02
6.090000000000000000e+02,2.330000000000000000e+02
6.080000000000000000e+02,2.330000000000000000e+02
6.070000000000000000e+02,2.330000000000000000e+02
6.060000000000000000e+02,2.330000000000000000e+02
6.050000000000000000e+02,2.330000000000000000e+02
6.040000000000000000e+02,2.330000000000000000e+02
6.030000000000000000e+02,2.330000000000000000e+02
6.020000000000000000e+02,2.330000000000000000e+02
6.010000000000000000e+02,2.330000000000000000e+02
6.000000000000000000e+02,2.330000000000000000e+02
5.990000000000000000e+02,2.330000000000000000e+02
5.980000000000000000e+02,2.330000000000000000e+02
5.970000000000000000e+02,2.330000000000000000e+02
5.960000000000000000e+02,2.330000000000000000e+02
5.950000000000000000e+02,2.330000000000000000e+02
5.940000000000000000e+02,2.330000000000000000e+02
5.930000000000000000e+02,2.330000000000000000e+02
5.920000000000000000e+02,2.330000000000000000e+02
5.910000000000000000e+02,2.330000000000000000e+02
5.900000000000000000e+02,2.330000000000000000e+02
5.890000000000000000e+02,2.330000000000000000e+02
5.880000000000000000e+02,2.330000000000000000e+02
nan,nan
2.880000000000000000e+02,5.000000000000000000e+01
2.880000000000000000e+02,5.043099999999999739e+01
2.800000000000000000e+02,5.843099999999999739e+01
2.800000000000000000e+02,5.943099999999999739e+01
2.710000000000000000e+02,6.843099999999999739e+01
2.710000000000000000e+02,6.943099999999999739e+01
2.630000000000000000e+02,7.743099999999999739e+01
2.630000000000000000e+02,7.843099999999999739e+01
2.540000000000000000e+02,8.743099999999999739e+01
2.540000000000000000e+02,8.843099999999999739e+01
2.450000000000000000e+02,9.743099999999999739e+01
2.450000000000000000e+02,9.843099999999999739e+01
2.370000000000000000e+02,1.064309999999999974e+02
2.370000000000000000e+02,1.074309999999999974e+02
2.280000000000000000e+02,1.164309999999999974e+02
2.280000000000000000e+02,1.174309999999999974e+02
2.200000000000000000e+02,1.254309999999999974e+02
2.200000000000000000e+02,1.264309999999999974e+02
2.110000000000000000e+02,1.354310000000000116e+02
2.110000000000000000e+02,1.364310000000000116e+02
2.020000000000000000e+02,1.454310000000000116e+02
2.020000000000000000e+02,1.464310000000000116e+02
1.954310000000000116e+02,1.530000000000000000e+02
1.944310000000000116e+02,1.530000000000000000e+02
1.924310000000000116e+02,1.550000000000000000e+02
1.914310000000000116e+02,1.550000000000000000e+02
1.904310000000000116e+02,1.560000000000000000e+02
1.894310000000000116e+02,1.560000000000000000e+02
1.874310000000000116e+02,1.580000000000000000e+02
1.864310000000000116e+02,1.580000000000000000e+02
1.854310000000000116e+02,1.590000000000000000e+02
1.844310000000000116e+02,1.590000000000000000e+02
1.834310000000000116e+02,1.600000000000000000e+02
1.824310000000000116e+02,1.600000000000000000e+02
1.814310000000000116e+02,1.610000000000000000e+02
1.804310000000000116e+02,1.610000000000000000e+02
1.794310000000000116e+02,1.620000000000000000e+02
1.774310000000000116e+02,1.620000000000000000e+02
1.764310000000000116e+02,1.630000000000000000e+02
1.744310000000000116e+02,1.630000000000000000e+02
1.734310000000000116e+02,1.640000000000000000e+02
1.724310000000000116e+02,1.640000000000000000e+02
1.714310000000000116e+02,1.650000000000000000e+02
1.694310000000000116e+02,1.650000000000000000e+02
1.684310000000000116e+02,1.660000000000000000e+02
1.654310000000000116e+02,1.660000000000000000e+02
1.644310000000000116e+02,1.670000000000000000e+02
1.624310000000000116e+02,1.670000000000000000e+02
1.614310000000000116e+02,1.680000000000000000e+02
1.564310000000000116e+02,1.680000000000000000e+02
1.554310000000000116e+02,1.690000000000000000e+02
1.535689999999999884e+02,1.690000000000000000e+02
1.525689999999999884e+02,1.680000000000000000e+02
1.495689999999999884e+02,1.680000000000000000e+02
1.485689999999999884e+02,1.670000000000000000e+02
1.455689999999999884e+02,1.670000000000000000e+02
1.445689999999999884e+02,1.660000000000000000e+02
1.415689999999999884e+02,1.660000000000000000e+02
1.405689999999999884e+02,1.650000000000000000e+02
1.385689999999999884e+02,1.650000000000000000e+02
1.375689999999999884e+02,1.640000000000000000e+02
1.355689999999999884e+02,1.640000000000000000e+02
1.345689999999999884e+02,1.630000000000000000e+02
1.335689999999999884e+02,1.630000000000000000e+02
1.325689999999999884e+02,1.620000000000000000e+02
1.315689999999999884e+02,1.620000000000000000e+02
1.305689999999999884e+02,1.610000000000000000e+02
1.285689999999999884e+02,1.610000000000000000e+02
1.275690000000000026e+02,1.600000000000000000e+02
1.265690000000000026e+02,1.600000000000000000e+02
1.255690000000000026e+02,1.590000000000000000e+02
1.245690000000000026e+02,1.590000000000000000e+02
1.235690000000000026e+02,1.580000000000000000e+02
1.225690000000000026e+02,1.580000000000000000e+02
1.205690000000000026e+02,1.560000000000000000e+02
1.195690000000000026e+02,1.560000000000000000e+02
1.185690000000000026e+02,1.550000000000000000e+02
1.175690000000000026e+02,1.550000000000000000e+02
1.155690000000000026e+02,1.530000000000000000e+02
1.145690000000000026e+02,1.530000000000000000e+02
1.110000000000000000e+02,1.494310000000000116e+02
1.110000000000000000e+02,1.484310000000000116e+02
1.090000000000000000e+02,1.464310000000000116e+02
1.090000000000000000e+02,1.454310000000000116e+02
1.070000000000000000e+02,1.434310000000000116e+02
1.070000000000000000e+02,1.424310000000000116e+02
1.060000000000000000e+02,1.414310000000000116e+02
1.060000000000000000e+02,1.404310000000000116e+02
1.050000000000000000e+02,1.394310000000000116e+02
1.050000000000000000e+02,1.384310000000000116e+02
1.040000000000000000e+02,1.374310000000000116e+02
1.040000000000000000e+02,1.364310000000000116e+02
1.030000000000000000e+02,1.354310000000000116e+02
1.030000000000000000e+02,1.344310000000000116e+02
1.020000000000000000e+02,1.334310000000000116e+02
1.020000000000000000e+02,1.314310000000000116e+02
1.010000000000000000e+02,1.304310000000000116e+02
1.010000000000000000e+02,1.294310000000000116e+02
1.000000000000000000e+02,1.284310000000000116e+02
1.000000000000000000e+02,1.264309999999999974e+02
9.900000000000000000e+01,1.254309999999999974e+02
9.900000000000000000e+01,1.234309999999999974e+02
9.800000000000000000e+01,1.224309999999999974e+02
9.800000000000000000e+01,1.194309999999999974e+02
9.700000000000000000e+01,1.184309999999999974e+02
9.700000000000000000e+01,1.164309999999999974e+02
9.600000000000000000e+01,1.154309999999999974e+02
9.600000000000000000e+01,1.104309999999999974e+02
9.556799999999999784e+01,1.100000000000000000e+02
9.600000000000000000e+01,1.095690000000000026e+02
9.600000000000000000e+01,1.055679999999999978e+02
9.700000000000000000e+01,1.045690000000000026e+02
9.700000000000000000e+01,1.015679999999999978e+02
9.800000000000000000e+01,1.005690000000000026e+02
9.800000000000000000e+01,9.756799999999999784e+01
9.900000000000000000e+01,9.656900000000000261e+01
9.900000000000000000e+01,9.456799999999999784e+01
1.000000000000000000e+02,9.356900000000000261e+01
1.000000000000000000e+02,9.156799999999999784e+01
1.010000000000000000e+02,9.056900000000000261e+01
1.010000000000000000e+02,8.956799999999999784e+01
1.020000000000000000e+02,8.856900000000000261e+01
1.020000000000000000e+02,8.656799999999999784e+01
1.030000000000000000e+02,8.556900000000000261e+01
1.030000000000000000e+02,8.456799999999999784e+01
1.040000000000000000e+02,8.356900000000000261e+01
1.040000000000000000e+02,8.256799999999999784e+01
1.050000000000000000e+02,8.156900000000000261e+01
1.050000000000000000e+02,8.056799999999999784e+01
1.060000000000000000e+02,7.956900000000000261e+01
1.060000000000000000e+02,7.856799999999999784e+01
1.080000000000000000e+02,7.656900000000000261e+01
1.080000000000000000e+02,7.556799999999999784e+01
1.090000000000000000e+02,7.456900000000000261e+01
1.090000000000000000e+02,7.356799999999999784e+01
1.110000000000000000e+02,7.156900000000000261e+01
1.110000000000000000e+02,7.056799999999999784e+01
1.130000000000000000e+02,6.856900000000000261e+01
1.130000000000000000e+02,6.856799999999999784e+01
1.145690000000000026e+02,6.700000000000000000e+01
1.155690000000000026e+02,6.700000000000000000e+01
1.175690000000000026e+02,6.500000000000000000e+01
1.185690000000000026e+02,6.500000000000000000e+01
1.205690000000000026e+02,6.300000000000000000e+01
1.215690000000000026e+02,6.300000000000000000e+01
1.225690000000000026e+02,6.200000000000000000e+01
1.235690000000000026e+02,6.200000000000000000e+01
1.245690000000000026e+02,6.100000000000000000e+01
1.255690000000000026e+02,6.100000000000000000e+01
1.265690000000000026e+02,6.000000000000000000e+01
1.275690000000000026e+02,6.000000000000000000e+01
1.285689999999999884e+02,5.900000000000000000e+01
1.295689999999999884e+02,5.900000000000000000e+01
1.305689999999999884e+02,5.800000000000000000e+01
1.325689999999999884e+02,5.800000000000000000e+01
1.335689999999999884e+02,5.700000000000000000e+01
1.345689999999999884e+02,5.700000000000000000e+01
1.355689999999999884e+02,5.600000000000000000e+01
1.375689999999999884e+02,5.600000000000000000e+01
1.385689999999999884e+02,5.500000000000000000e+01
1.405689999999999884e+02,5.500000000000000000e+01
1.415689999999999884e+02,5.400000000000000000e+01
1.435689999999999884e+02,5.400000000000000000e+01
1.445689999999999884e+02,5.300000000000000000e+01
1.475689999999999884e+02,5.300000000000000000e+01
1.485689999999999884e+02,5.200000000000000000e+01
1.525689999999999884e+02,5.200000000000000000e+01
1.535689999999999884e+02,5.100000000000000000e+01
1.595689999999999884e+02,5.100000000000000000e+01
1.605689999999999884e+02,5.000000000000000000e+01
2.880000000000000000e+02,5.000000000000000000e+01
nan,nan
5.750000000000000000e+02,5.000000000000000000e+01
5.750000000000000000e+02,1.584310000000000116e+02
5.730000000000000000e+02,1.564310000000000116e+02
5.730000000000000000e+02,1.554310000000000116e+02
5.660000000000000000e+02,1.484310000000000116e+02
5.660000000000000000e+02,1.474310000000000116e+02
5.590000000000000000e+02,1.404310000000000116e+02
5.590000000000000000e+02,1.394310000000000116e+02
5.520000000000000000e+02,1.324310000000000116e+02
5.520000000000000000e+02,1.314310000000000116e+02
5.440000000000000000e+02,1.234309999999999974e+02
5.440000000000000000e+02,1.224309999999999974e+02
5.370000000000000000e+02,1.154309999999999974e+02
5.370000000000000000e+02,1.144309999999999974e+02
5.300000000000000000e+02,1.074309999999999974e+02
5.300000000000000000e+02,1.064309999999999974e+02
5.220000000000000000e+02,9.843099999999999739e+01
5.220000000000000000e+02,9.743099999999999739e+01
5.150000000000000000e+02,9.043099999999999739e+01
5.150000000000000000e+02,8.943099999999999739e+01
5.080000000000000000e+02,8.243099999999999739e+01
5.080000000000000000e+02,8.143099999999999739e+01
5.010000000000000000e+02,7.443099999999999739e+01
5.010000000000000000e+02,7.343099999999999739e+01
4.930000000000000000e+02,6.543099999999999739e+01
4.930000000000000000e+02,6.443099999999999739e+01
4.860000000000000000e+02,5.743099999999999739e+01
4.860000000000000000e+02,5.643099999999999739e+01
4.795679999999999836e+02,5.000000000000000000e+01
5.750000000000000000e+02,5.000000000000000000e+01
