-2.827999999999999847e+00 -2.827999999999999847e+00
-1.991999999999999993e+00 -2.827999999999999847e+00
-1.991000000000000103e+00 -2.811999999999999833e+00
-1.975000000000000089e+00 -2.686999999999999833e+00
-1.951999999999999957e+00 -2.564000000000000057e+00
-1.921000000000000041e+00 -2.442000000000000171e+00
-1.881999999999999895e+00 -2.322999999999999954e+00
-1.836000000000000076e+00 -2.205999999999999961e+00
-1.782000000000000028e+00 -2.092000000000000082e+00
-1.721000000000000085e+00 -1.981999999999999984e+00
-1.653999999999999915e+00 -1.875999999999999890e+00
-1.580000000000000071e+00 -1.774000000000000021e+00
-1.500000000000000000e+00 -1.677000000000000046e+00
-1.413999999999999924e+00 -1.586000000000000076e+00
-1.322999999999999954e+00 -1.500000000000000000e+00
-1.225999999999999979e+00 -1.419999999999999929e+00
-1.124000000000000110e+00 -1.346000000000000085e+00
-1.018000000000000016e+00 -1.278999999999999915e+00
-9.080000000000000293e-01 -1.217999999999999972e+00
-7.940000000000000391e-01 -1.163999999999999924e+00
-6.770000000000000462e-01 -1.118000000000000105e+00
-5.580000000000000515e-01 -1.078999999999999959e+00
-4.359999999999999987e-01 -1.048000000000000043e+00
-3.130000000000000004e-01 -1.024999999999999911e+00
-1.880000000000000004e-01 -1.008999999999999897e+00
-6.300000000000000044e-02 -1.000999999999999890e+00
6.300000000000000044e-02 -1.000999999999999890e+00
1.880000000000000004e-01 -1.008999999999999897e+00
3.130000000000000004e-01 -1.024999999999999911e+00
4.359999999999999987e-01 -1.048000000000000043e+00
5.580000000000000515e-01 -1.078999999999999959e+00
6.770000000000000462e-01 -1.118000000000000105e+00
7.940000000000000391e-01 -1.163999999999999924e+00
9.080000000000000293e-01 -1.217999999999999972e+00
1.018000000000000016e+00 -1.278999999999999915e+00
1.124000000000000110e+00 -1.346000000000000085e+00
1.225999999999999979e+00 -1.419999999999999929e+00
1.322999999999999954e+00 -1.500000000000000000e+00
1.413999999999999924e+00 -1.586000000000000076e+00
1.500000000000000000e+00 -1.677000000000000046e+00
1.580000000000000071e+00 -1.774000000000000021e+00
1.653999999999999915e+00 -1.875999999999999890e+00
1.721000000000000085e+00 -1.981999999999999984e+00
1.782000000000000028e+00 -2.092000000000000082e+00
1.836000000000000076e+00 -2.205999999999999961e+00
1.881999999999999895e+00 -2.322999999999999954e+00
1.921000000000000041e+00 -2.442000000000000171e+00
1.951999999999999957e+00 -2.564000000000000057e+00
1.975000000000000089e+00 -2.686999999999999833e+00
1.991000000000000103e+00 -2.811999999999999833e+00
1.991999999999999993e+00 -2.827999999999999847e+00
2.827999999999999847e+00 -2.827999999999999847e+00
2.827999999999999847e+00 2.827999999999999847e+00
-2.827999999999999847e+00 2.827999999999999847e+00
-2.827999999999999847e+00 -2.827999999999999847e+00
