2.689946999999999662e+02,3.733409999999986439e+01
2.771426999999999907e+02,3.942909999999989168e+01
2.843646999999999707e+02,4.366209999999989577e+01
2.882096999999999980e+02,5.096709999999990259e+01
2.876296999999999571e+02,5.860809999999992215e+01
2.857396999999999707e+02,6.606009999999992033e+01
2.831647000000000389e+02,7.330309999999991533e+01
2.808317000000000121e+02,7.908109999999993533e+01
2.858797000000000139e+02,7.965309999999993806e+01
2.909277000000000157e+02,8.022509999999994079e+01
2.970687000000000353e+02,8.095809999999994488e+01
3.031937000000000353e+02,8.181809999999995853e+01
3.060136999999999716e+02,7.931409999999993943e+01
3.088156999999999925e+02,7.375309999999996080e+01
3.139756999999999607e+02,7.028409999999996671e+01
3.228097000000000207e+02,6.967909999999994852e+01
3.316816999999999780e+02,6.970809999999994488e+01
3.405507000000000062e+02,6.991809999999992442e+01
3.494156999999999584e+02,7.025609999999994670e+01
3.582746999999999389e+02,7.072209999999995489e+01
3.671226999999999521e+02,7.136909999999994625e+01
3.758840999999999894e+02,7.264509999999995671e+01
3.805299999999999727e+02,7.971709999999995944e+01
3.776456999999999766e+02,8.820909999999997808e+01
3.721676999999999680e+02,9.540709999999995716e+01
3.655596999999999639e+02,1.015980999999999312e+02
3.607096999999999980e+02,1.057940999999999576e+02
3.585926999999999794e+02,1.115770999999999731e+02
3.603646999999999707e+02,1.167500999999999749e+02
3.647946999999999775e+02,1.202680999999999472e+02
3.716476999999999862e+02,1.260960999999999217e+02
3.766290999999999940e+02,1.335380999999999290e+02
3.786850999999999772e+02,1.422740999999999190e+02
3.789517999999999347e+02,1.512730999999999426e+02
3.784933999999999514e+02,1.602680999999999472e+02
3.776971999999999525e+02,1.691730999999999199e+02
3.767209999999999468e+02,1.780600999999999203e+02
3.756329999999999814e+02,1.869350999999999203e+02
3.744436999999999784e+02,1.957970999999999435e+02
3.731266999999999712e+02,2.046390999999999281e+02
3.714716999999999416e+02,2.134240999999999531e+02
3.676846999999999639e+02,2.211400999999999613e+02
3.625406999999999584e+02,2.280670999999999822e+02
3.569556999999999789e+02,2.346470999999999663e+02
3.511696999999999775e+02,2.410520999999999390e+02
3.452746999999999389e+02,2.473570999999999458e+02
3.389326999999999543e+02,2.539150999999999385e+02
3.324866999999999280e+02,2.603730999999999653e+02
3.259676999999999225e+02,2.667560999999999467e+02
3.193886999999999716e+02,2.730770999999999731e+02
3.127526999999999475e+02,2.793380999999999972e+02
3.060566999999999780e+02,2.855361000000000331e+02
2.992906999999999584e+02,2.916530999999999949e+02
2.924106999999999630e+02,2.976460999999999899e+02
2.852047000000000025e+02,3.032280999999999835e+02
2.778326999999999884e+02,3.063740999999999985e+02
2.702196999999999889e+02,3.089010999999999285e+02
2.616296999999999571e+02,3.116180999999999699e+02
2.542646999999999764e+02,3.165611000000000104e+02
2.505876999999999839e+02,3.247470999999999890e+02
2.479806999999999846e+02,3.333710999999999558e+02
2.452546999999999855e+02,3.418660999999999603e+02
2.418786999999999807e+02,3.501220999999999890e+02
2.375466999999999871e+02,3.579140999999999622e+02
2.390046999999999855e+02,3.634140999999999622e+02
2.440816999999999837e+02,3.717681000000000040e+02
2.481886999999999830e+02,3.779011000000000422e+02
2.530896999999999935e+02,3.834470999999999776e+02
2.582327000000000226e+02,3.887681000000000040e+02
2.633936999999999671e+02,3.940981000000000449e+02
2.684197000000000344e+02,3.995581000000000245e+02
2.731517000000000053e+02,4.052681000000000040e+02
2.779207000000000107e+02,4.139491000000000440e+02
2.823987000000000194e+02,4.227851000000000568e+02
2.867866999999999962e+02,4.316661000000000286e+02
2.911147000000000276e+02,4.405778999999999996e+02
2.953887000000000285e+02,4.495155000000000314e+02
2.996017000000000507e+02,4.584807000000000130e+02
3.037237000000000080e+02,4.674884000000000128e+02
3.075457000000000107e+02,4.766251000000000317e+02
3.090357000000000198e+02,4.824365999999999985e+02
3.098317000000000121e+02,4.883803000000000338e+02
3.065076999999999998e+02,4.967841000000000236e+02
3.008477000000000317e+02,5.013949000000000069e+02
2.939857000000000085e+02,5.038195000000000050e+02
2.866807000000000016e+02,5.040710000000000264e+02
2.777106999999999744e+02,5.024718000000000302e+02
2.692767000000000053e+02,4.990063999999999851e+02
2.615076999999999998e+02,4.942207999999999970e+02
2.543326999999999884e+02,4.885768000000000484e+02
2.476326999999999998e+02,4.823759000000000015e+02
2.413036999999999921e+02,4.756508000000000038e+02
2.355786999999999978e+02,4.684030000000000200e+02
2.304497000000000071e+02,4.607229000000000383e+02
2.257497000000000185e+02,4.527694000000000187e+02
2.213177000000000305e+02,4.446645000000000323e+02
2.170427000000000248e+02,4.364750999999999976e+02
2.129777000000000271e+02,4.286441000000000372e+02
2.088257000000000403e+02,4.208591000000000122e+02
2.043637000000000512e+02,4.132681000000000040e+02
2.014167000000000485e+02,4.216291000000000508e+02
2.002637000000000285e+02,4.306731000000000336e+02
1.996157000000000039e+02,4.397681000000000040e+02
1.990656999999999925e+02,4.491146000000000527e+02
1.976487000000000194e+02,4.583564000000000078e+02
1.947877000000000294e+02,4.672680000000000291e+02
1.921037000000000035e+02,4.747309000000000196e+02
1.892597000000000094e+02,4.821350000000000477e+02
1.861157000000000039e+02,4.894162000000000035e+02
1.820377000000000294e+02,4.961846000000000458e+02
1.737167000000000030e+02,4.981231000000000222e+02
1.670876999999999839e+02,4.923920000000000528e+02
1.646956999999999880e+02,4.834405000000000427e+02
1.638356999999999744e+02,4.741752999999999929e+02
1.633966999999999530e+02,4.648781999999999925e+02
1.631306999999999334e+02,4.555741000000000440e+02
1.629506999999999266e+02,4.462680000000000291e+02
1.628256999999999266e+02,4.386431000000000040e+02
1.627006999999999266e+02,4.310181000000000040e+02
1.625766999999999030e+02,4.233931000000000040e+02
1.624516999999999030e+02,4.157681000000000040e+02
1.577376999999999043e+02,4.151411000000000513e+02
1.503096999999999070e+02,4.137381000000000313e+02
1.431406999999999243e+02,4.113550999999999931e+02
1.364976999999999521e+02,4.077661000000000513e+02
1.307096999999999412e+02,4.029201000000000477e+02
1.262736999999999625e+02,3.967181000000000495e+02
1.223656999999999471e+02,3.901601000000000568e+02
1.186416999999999575e+02,3.834941000000000031e+02
1.150266999999999484e+02,3.767681000000000040e+02
1.104406999999999357e+02,3.682831000000000472e+02
1.056896999999999593e+02,3.598891000000000417e+02
1.005036999999999807e+02,3.517681000000000040e+02
9.634669999999999845e+01,3.454681000000000495e+02
9.468970000000001619e+01,3.380891000000000304e+02
9.470870000000002165e+01,3.305051000000000272e+02
9.554770000000002028e+01,3.229601000000000113e+02
9.722169999999999845e+01,3.153801000000000272e+02
1.012006999999999834e+02,3.087521000000000413e+02
1.066656999999999584e+02,3.032261000000000308e+02
1.122256999999999607e+02,2.975441000000000713e+02
1.154316999999999780e+02,2.903301000000000158e+02
1.171706999999999539e+02,2.839771000000000640e+02
1.143696999999999662e+02,2.756431000000000608e+02
1.116166999999999803e+02,2.664171000000000618e+02
1.095176999999999907e+02,2.570201000000000704e+02
1.081286999999999807e+02,2.474931000000000836e+02
1.075446999999999775e+02,2.378841000000001031e+02
1.079096999999999866e+02,2.282651000000000749e+02
1.094596999999999980e+02,2.187681000000000608e+02
1.119687000000000126e+02,2.097181000000000495e+02
1.146777000000000157e+02,2.007261000000000308e+02
1.174977000000000089e+02,1.917681000000000040e+02
1.202907000000000153e+02,1.826021000000000072e+02
1.227737000000000194e+02,1.733480999999999881e+02
1.249247000000000298e+02,1.640110999999999990e+02
1.267427000000000135e+02,1.546030999999999835e+02
1.282467000000000326e+02,1.451410999999999945e+02
1.294697000000000457e+02,1.356370999999999754e+02
1.298807000000000471e+02,1.265780999999999494e+02
1.289177000000000248e+02,1.175620999999999299e+02
1.266736999999999966e+02,1.087740999999999190e+02
1.234626999999999839e+02,1.002890999999999053e+02
1.195966999999999985e+02,9.207909999999992579e+01
1.153027000000000157e+02,8.408209999999991169e+01
1.107277000000000271e+02,7.624509999999992260e+01
1.058327000000000453e+02,6.799609999999989896e+01
1.012327000000000226e+02,5.958209999999991169e+01
9.871770000000003620e+01,5.044809999999989714e+01
1.033247000000000639e+02,4.493409999999988713e+01
1.111137000000000512e+02,4.405809999999991078e+01
1.189647000000000503e+02,4.391609999999991487e+01
1.261287000000000376e+02,4.397009999999988850e+01
1.332757000000000289e+02,4.445409999999986894e+01
1.402747000000000526e+02,4.594809999999989714e+01
1.476007000000000744e+02,4.843309999999991078e+01
1.535707000000001017e+02,5.321009999999989759e+01
1.572207000000000789e+02,6.002209999999990941e+01
1.601637000000000626e+02,6.718309999999991078e+01
1.622597000000000662e+02,7.247509999999988395e+01
1.643567000000000462e+02,7.776809999999989031e+01
1.719677000000000362e+02,7.816009999999988622e+01
1.795787000000000262e+02,7.855209999999988213e+01
1.871897000000000162e+02,7.894409999999987804e+01
1.950307000000000244e+02,7.937809999999990396e+01
2.028677000000000135e+02,7.986909999999988941e+01
2.107017000000000166e+02,8.042409999999989623e+01
2.185237000000000194e+02,8.112209999999987531e+01
2.277177000000000078e+02,8.144609999999988759e+01
2.295327000000000055e+02,7.658509999999989759e+01
2.310366999999999962e+02,7.160709999999988895e+01
2.336606999999999914e+02,6.244609999999988759e+01
2.315926999999999794e+02,5.549909999999988486e+01
2.298606999999999800e+02,4.761709999999987986e+01
2.302886999999999773e+02,3.966809999999986758e+01
2.361926999999999737e+02,3.683709999999985030e+01
2.429426999999999737e+02,3.640809999999987667e+01
2.497076999999999600e+02,3.638509999999985212e+01
2.593636999999999944e+02,3.662609999999983756e+01
2.689946999999999662e+02,3.733409999999986439e+01
nan,nan
2.590989999999999895e+02,4.161999999999999744e+01
2.681879999999999882e+02,4.228799999999999670e+01
2.752169999999999845e+02,4.409499999999999886e+01
2.806039999999999850e+02,4.725300000000000011e+01
2.831150000000000091e+02,5.202300000000000324e+01
2.826759999999999877e+02,5.779699999999999704e+01
2.809490000000000123e+02,6.460899999999999466e+01
2.784870000000000232e+02,7.153300000000000125e+01
2.737330000000000041e+02,8.330899999999999750e+01
2.853170000000000073e+02,8.462099999999999511e+01
2.903349999999999795e+02,8.518899999999999295e+01
2.903349999999999795e+02,8.518999999999999773e+01
2.964599999999999795e+02,8.592100000000000648e+01
3.047860000000000014e+02,8.709099999999999397e+01
3.100489999999999782e+02,8.241800000000000637e+01
3.126920000000000073e+02,7.717100000000000648e+01
3.156539999999999964e+02,7.518000000000000682e+01
3.229680000000000177e+02,7.467900000000000205e+01
3.315960000000000036e+02,7.470699999999999363e+01
3.404329999999999927e+02,7.491700000000000159e+01
3.404329999999999927e+02,7.491599999999999682e+01
3.491669999999999732e+02,7.524899999999999523e+01
3.579399999999999977e+02,7.571099999999999852e+01
3.665799999999999841e+02,7.634300000000000352e+01
3.729390000000000214e+02,7.726900000000000546e+01
3.750099999999999909e+02,8.042100000000000648e+01
3.731739999999999782e+02,8.582800000000000296e+01
3.684440000000000168e+02,9.204300000000000637e+01
3.621960000000000264e+02,9.789700000000000557e+01
3.564599999999999795e+02,1.028599999999999994e+02
3.532889999999999873e+02,1.115220000000000056e+02
3.561089999999999804e+02,1.197549999999999955e+02
3.616220000000000141e+02,1.241329999999999956e+02
3.678790000000000191e+02,1.294550000000000125e+02
3.719689999999999941e+02,1.355649999999999977e+02
3.737010000000000218e+02,1.429250000000000114e+02
3.739470000000000027e+02,1.512150000000000034e+02
3.735020000000000095e+02,1.599350000000000023e+02
3.727210000000000036e+02,1.686740000000000066e+02
3.717579999999999814e+02,1.774519999999999982e+02
3.706770000000000209e+02,1.862700000000000102e+02
3.694879999999999995e+02,1.951320000000000050e+02
3.681990000000000123e+02,2.037849999999999966e+02
3.666829999999999927e+02,2.118300000000000125e+02
3.633960000000000150e+02,2.185279999999999916e+02
3.586270000000000095e+02,2.249499999999999886e+02
3.531870000000000118e+02,2.313590000000000089e+02
3.474850000000000136e+02,2.376709999999999923e+02
3.416510000000000105e+02,2.439110000000000014e+02
3.353659999999999854e+02,2.504099999999999966e+02
3.289889999999999759e+02,2.568000000000000114e+02
3.225040000000000191e+02,2.631499999999999773e+02
3.159250000000000114e+02,2.694710000000000036e+02
3.093220000000000027e+02,2.757010000000000218e+02
3.027040000000000077e+02,2.818269999999999982e+02
2.959649999999999750e+02,2.879189999999999827e+02
2.892409999999999854e+02,2.937760000000000105e+02
2.826510000000000105e+02,2.988799999999999955e+02
2.760509999999999877e+02,3.016970000000000027e+02
2.686960000000000264e+02,3.041379999999999768e+02
2.594390000000000214e+02,3.070670000000000073e+02
2.502899999999999920e+02,3.132069999999999936e+02
2.458950000000000102e+02,3.229920000000000186e+02
2.432110000000000127e+02,3.318700000000000045e+02
2.405509999999999877e+02,3.401569999999999823e+02
2.373650000000000091e+02,3.479499999999999886e+02
2.321970000000000027e+02,3.572459999999999809e+02
2.343569999999999993e+02,3.653929999999999723e+02
2.398660000000000139e+02,3.744590000000000032e+02
2.442210000000000036e+02,3.809610000000000127e+02
2.494170000000000016e+02,3.868419999999999845e+02
2.546390000000000100e+02,3.922450000000000045e+02
2.597549999999999955e+02,3.975269999999999868e+02
2.646549999999999727e+02,4.028500000000000227e+02
2.689990000000000236e+02,4.080930000000000177e+02
2.734929999999999950e+02,4.162730000000000246e+02
2.779159999999999968e+02,4.249990000000000236e+02
2.779159999999999968e+02,4.250000000000000000e+02
2.823039999999999736e+02,4.338809999999999718e+02
2.866170000000000186e+02,4.427620000000000005e+02
2.908779999999999859e+02,4.516730000000000018e+02
2.950550000000000068e+02,4.605609999999999786e+02
2.950550000000000068e+02,4.605620000000000118e+02
2.991480000000000246e+02,4.695070000000000050e+02
3.027930000000000064e+02,4.782210000000000036e+02
3.041179999999999950e+02,4.833879999999999768e+02
3.047019999999999982e+02,4.877520000000000095e+02
3.023369999999999891e+02,4.937320000000000277e+02
2.983629999999999995e+02,4.969700000000000273e+02
2.930459999999999923e+02,4.988489999999999895e+02
2.870350000000000250e+02,4.990550000000000068e+02
2.791200000000000045e+02,4.976440000000000055e+02
2.715489999999999782e+02,4.945330000000000155e+02
2.643750000000000000e+02,4.901150000000000091e+02
2.575840000000000032e+02,4.847730000000000246e+02
2.511550000000000011e+02,4.788229999999999791e+02
2.450929999999999893e+02,4.723820000000000050e+02
2.396250000000000000e+02,4.654590000000000032e+02
2.346879999999999882e+02,4.580670000000000073e+02
2.300910000000000082e+02,4.502860000000000014e+02
2.257179999999999893e+02,4.422909999999999968e+02
2.214799999999999898e+02,4.341709999999999923e+02
2.214809999999999945e+02,4.341709999999999923e+02
2.174029999999999916e+02,4.263159999999999741e+02
2.131889999999999930e+02,4.184150000000000205e+02
2.070579999999999927e+02,4.079850000000000136e+02
2.007090000000000032e+02,4.085980000000000132e+02
1.965240000000000009e+02,4.204689999999999941e+02
1.952870000000000061e+02,4.301789999999999736e+02
1.946260000000000048e+02,4.394429999999999836e+02
1.940879999999999939e+02,4.485860000000000127e+02
1.927669999999999959e+02,4.572029999999999745e+02
1.900509999999999877e+02,4.656619999999999777e+02
1.874250000000000114e+02,4.729649999999999750e+02
1.846210000000000093e+02,4.802660000000000196e+02
1.816599999999999966e+02,4.871209999999999809e+02
1.788449999999999989e+02,4.917939999999999827e+02
1.750600000000000023e+02,4.926750000000000114e+02
1.715209999999999866e+02,4.896150000000000091e+02
1.696359999999999957e+02,4.825629999999999882e+02
1.688230000000000075e+02,4.738070000000000164e+02
1.683940000000000055e+02,4.647130000000000223e+02
1.681289999999999907e+02,4.554309999999999832e+02
1.679499999999999886e+02,4.461709999999999923e+02
1.678249999999999886e+02,4.385609999999999786e+02
1.676999999999999886e+02,4.309359999999999786e+02
1.675759999999999934e+02,4.233109999999999786e+02
1.673810000000000002e+02,4.113799999999999955e+02
1.585360000000000014e+02,4.102029999999999745e+02
1.515699999999999932e+02,4.088870000000000005e+02
1.451320000000000050e+02,4.067470000000000141e+02
1.393199999999999932e+02,4.036070000000000277e+02
1.344070000000000107e+02,3.994929999999999950e+02
1.304610000000000127e+02,3.939759999999999991e+02
1.266989999999999981e+02,3.876639999999999873e+02
1.230070000000000050e+02,3.810550000000000068e+02
1.194279999999999973e+02,3.743960000000000150e+02
1.148160000000000025e+02,3.658629999999999995e+02
1.099759999999999991e+02,3.573100000000000023e+02
1.046979999999999933e+02,3.490450000000000159e+02
1.010250000000000057e+02,3.434789999999999850e+02
9.969100000000000250e+01,3.375389999999999873e+02
9.970799999999999841e+01,3.307850000000000250e+02
1.004869999999999948e+02,3.237760000000000105e+02
1.019270000000000067e+02,3.172559999999999718e+02
1.051790000000000020e+02,3.118389999999999986e+02
1.102300000000000040e+02,3.067320000000000277e+02
1.164290000000000020e+02,3.003969999999999914e+02
1.201550000000000011e+02,2.920149999999999864e+02
1.223960000000000008e+02,2.838279999999999745e+02
1.191380000000000052e+02,2.741390000000000100e+02
1.164590000000000032e+02,2.651600000000000250e+02
1.144380000000000024e+02,2.561129999999999995e+02
1.131069999999999993e+02,2.469780000000000086e+02
1.125499999999999972e+02,2.378209999999999980e+02
1.128940000000000055e+02,2.287690000000000055e+02
1.143509999999999991e+02,2.198369999999999891e+02
1.167759999999999962e+02,2.110920000000000130e+02
1.194470000000000027e+02,2.022270000000000039e+02
1.222740000000000009e+02,1.932470000000000141e+02
1.250979999999999990e+02,1.839790000000000134e+02
1.276260000000000048e+02,1.745569999999999879e+02
1.298170000000000073e+02,1.650469999999999970e+02
1.316680000000000064e+02,1.554699999999999989e+02
1.331970000000000027e+02,1.458530000000000086e+02
1.344550000000000125e+02,1.360699999999999932e+02
1.348930000000000007e+02,1.264249999999999972e+02
1.338520000000000039e+02,1.166730000000000018e+02
1.314490000000000123e+02,1.072660000000000053e+02
1.280699999999999932e+02,9.833599999999999852e+01
1.240639999999999930e+02,8.982999999999999829e+01
1.196659999999999968e+02,8.163800000000000523e+01
1.150370000000000061e+02,7.370900000000000318e+01
1.101680000000000064e+02,6.550400000000000489e+01
1.059000000000000057e+02,5.769599999999999795e+01
1.042330000000000041e+02,5.164399999999999835e+01
1.058760000000000048e+02,4.967799999999999727e+01
1.114449999999999932e+02,4.905199999999999960e+01
1.189779999999999944e+02,4.891599999999999682e+01
1.259360000000000070e+02,4.896800000000000352e+01
1.325829999999999984e+02,4.941799999999999926e+01
1.389470000000000027e+02,5.077700000000000102e+01
1.451620000000000061e+02,5.288499999999999801e+01
1.496479999999999961e+02,5.647399999999999665e+01
1.526889999999999930e+02,6.215100000000000335e+01
1.555389999999999873e+02,6.908400000000000318e+01
1.576109999999999900e+02,7.431600000000000250e+01
1.608919999999999959e+02,8.259600000000000364e+01
1.717110000000000127e+02,8.315300000000000580e+01
1.793220000000000027e+02,8.354500000000000171e+01
1.869139999999999873e+02,8.393600000000000705e+01
1.947179999999999893e+02,8.436700000000000443e+01
1.947179999999999893e+02,8.436799999999999500e+01
2.025550000000000068e+02,8.485899999999999466e+01
2.025550000000000068e+02,8.485800000000000409e+01
2.102880000000000109e+02,8.540600000000000591e+01
2.182139999999999986e+02,8.611400000000000432e+01
2.311419999999999959e+02,8.656999999999999318e+01
2.342729999999999961e+02,7.818399999999999750e+01
2.358340000000000032e+02,7.301900000000000546e+01
2.388700000000000045e+02,6.241899999999999693e+01
2.364350000000000023e+02,5.424099999999999966e+01
2.348899999999999864e+02,4.721000000000000085e+01
2.351220000000000141e+02,4.289399999999999835e+01
2.374780000000000086e+02,4.176500000000000057e+01
2.431100000000000136e+02,4.140699999999999648e+01
2.496699999999999875e+02,4.138499999999999801e+01
2.590989999999999895e+02,4.161999999999999744e+01
nan,nan
2.588349999999999795e+02,4.661399999999999721e+01
2.673750000000000000e+02,4.724199999999999733e+01
2.732950000000000159e+02,4.876400000000000290e+01
2.768439999999999941e+02,5.084400000000000119e+01
2.780199999999999818e+02,5.307699999999999818e+01
2.777219999999999800e+02,5.698700000000000188e+01
2.761580000000000155e+02,6.315800000000000125e+01
2.738090000000000259e+02,6.976300000000000523e+01
2.666340000000000146e+02,8.753700000000000614e+01
2.847540000000000191e+02,8.958899999999999864e+01
2.895009999999999764e+02,9.012600000000000477e+01
2.958439999999999941e+02,9.088299999999999557e+01
3.063779999999999859e+02,9.236400000000000432e+01
3.140840000000000032e+02,8.552200000000000557e+01
3.165670000000000073e+02,8.059000000000000341e+01
3.173319999999999936e+02,8.007599999999999341e+01
3.231259999999999764e+02,7.967900000000000205e+01
3.315090000000000146e+02,7.970600000000000307e+01
3.403750000000000000e+02,7.991700000000000159e+01
3.489180000000000064e+02,8.024200000000000443e+01
3.576050000000000182e+02,8.070000000000000284e+01
3.660369999999999777e+02,8.131699999999999307e+01
3.692660000000000196e+02,8.178700000000000614e+01
3.687019999999999982e+02,8.344700000000000273e+01
3.647200000000000273e+02,8.867900000000000205e+01
3.588430000000000177e+02,9.418500000000000227e+01
3.522099999999999795e+02,9.992600000000000193e+01
3.479850000000000136e+02,1.114659999999999940e+02
3.518530000000000086e+02,1.227600000000000051e+02
3.584490000000000123e+02,1.279980000000000047e+02
3.641100000000000136e+02,1.328129999999999882e+02
3.673090000000000259e+02,1.375920000000000130e+02
3.687169999999999845e+02,1.435759999999999934e+02
3.689420000000000073e+02,1.511570000000000107e+02
3.685110000000000241e+02,1.596020000000000039e+02
3.677450000000000045e+02,1.681810000000000116e+02
3.667950000000000159e+02,1.768439999999999941e+02
3.657210000000000036e+02,1.856049999999999898e+02
3.645319999999999823e+02,1.944670000000000130e+02
3.632710000000000150e+02,2.029310000000000116e+02
3.618940000000000055e+02,2.102359999999999900e+02
3.591070000000000277e+02,2.159170000000000016e+02
3.547139999999999986e+02,2.218319999999999936e+02
3.494180000000000064e+02,2.280709999999999980e+02
3.438000000000000114e+02,2.342899999999999920e+02
3.380269999999999868e+02,2.404650000000000034e+02
3.317989999999999782e+02,2.469050000000000011e+02
3.254909999999999854e+02,2.532270000000000039e+02
3.190400000000000205e+02,2.595439999999999827e+02
3.124610000000000127e+02,2.658650000000000091e+02
3.059250000000000114e+02,2.720319999999999823e+02
2.993170000000000073e+02,2.781480000000000246e+02
2.926390000000000100e+02,2.841850000000000023e+02
2.860710000000000264e+02,2.899060000000000059e+02
2.800969999999999800e+02,2.945319999999999823e+02
2.742690000000000055e+02,2.970199999999999818e+02
2.671720000000000255e+02,2.993750000000000000e+02
2.572479999999999905e+02,3.025160000000000196e+02
2.463149999999999977e+02,3.098530000000000086e+02
2.412019999999999982e+02,3.212370000000000232e+02
2.384410000000000025e+02,3.303690000000000282e+02
2.358470000000000084e+02,3.384479999999999791e+02
2.328489999999999895e+02,3.457819999999999823e+02
2.268470000000000084e+02,3.565790000000000077e+02
2.297090000000000032e+02,3.673720000000000141e+02
2.356500000000000057e+02,3.771499999999999773e+02
2.402529999999999859e+02,3.840210000000000150e+02
2.457439999999999998e+02,3.902359999999999900e+02
2.510459999999999923e+02,3.957219999999999800e+02
2.561340000000000146e+02,4.009759999999999991e+02
2.608890000000000100e+02,4.061419999999999959e+02
2.648450000000000273e+02,4.109159999999999968e+02
2.690649999999999977e+02,4.185980000000000132e+02
2.734560000000000173e+02,4.272599999999999909e+02
2.778210000000000264e+02,4.360960000000000036e+02
2.821190000000000282e+02,4.449460000000000264e+02
2.863670000000000186e+02,4.538299999999999841e+02
2.904929999999999950e+02,4.626109999999999900e+02
2.945670000000000073e+02,4.715140000000000100e+02
2.980400000000000205e+02,4.798170000000000073e+02
2.991999999999999886e+02,4.843399999999999750e+02
2.995729999999999791e+02,4.871229999999999905e+02
2.981659999999999968e+02,4.906809999999999832e+02
2.958779999999999859e+02,4.925450000000000159e+02
2.921059999999999945e+02,4.938779999999999859e+02
2.873899999999999864e+02,4.940389999999999873e+02
2.805260000000000105e+02,4.928159999999999741e+02
2.738220000000000027e+02,4.900609999999999786e+02
2.672420000000000186e+02,4.860090000000000146e+02
2.608349999999999795e+02,4.809689999999999941e+02
2.546769999999999925e+02,4.752690000000000055e+02
2.488820000000000050e+02,4.691129999999999995e+02
2.436709999999999923e+02,4.625149999999999864e+02
2.389209999999999923e+02,4.554030000000000200e+02
2.344389999999999930e+02,4.478159999999999741e+02
2.301289999999999907e+02,4.399359999999999786e+02
2.260209999999999866e+02,4.320649999999999977e+02
2.218280000000000030e+02,4.239879999999999995e+02
2.175519999999999925e+02,4.159710000000000036e+02
2.097520000000000095e+02,4.027019999999999982e+02
1.970540000000000020e+02,4.039279999999999973e+02
1.916310000000000002e+02,4.193090000000000259e+02
1.903100000000000023e+02,4.296850000000000023e+02
1.896359999999999957e+02,4.391179999999999950e+02
1.891100000000000136e+02,4.480570000000000164e+02
1.878849999999999909e+02,4.560480000000000018e+02
1.853110000000000070e+02,4.640649999999999977e+02
1.827460000000000093e+02,4.711990000000000123e+02
1.799850000000000136e+02,4.783879999999999768e+02
1.772030000000000030e+02,4.848290000000000077e+02
1.759790000000000134e+02,4.868600000000000136e+02
1.759530000000000030e+02,4.868380000000000223e+02
1.745759999999999934e+02,4.816840000000000259e+02
1.738100000000000023e+02,4.734390000000000214e+02
1.733909999999999911e+02,4.645489999999999782e+02
1.731270000000000095e+02,4.552880000000000109e+02
1.729490000000000123e+02,4.460740000000000123e+02
1.728240000000000123e+02,4.384789999999999850e+02
1.726990000000000123e+02,4.308539999999999850e+02
1.725749999999999886e+02,4.232289999999999850e+02
1.723100000000000023e+02,4.069920000000000186e+02
1.593319999999999936e+02,4.052649999999999864e+02
1.528300000000000125e+02,4.040360000000000014e+02
1.471229999999999905e+02,4.021390000000000100e+02
1.421390000000000100e+02,3.994470000000000027e+02
1.381049999999999898e+02,3.960690000000000168e+02
1.346469999999999914e+02,3.912339999999999804e+02
1.310229999999999961e+02,3.851530000000000200e+02
1.273940000000000055e+02,3.786560000000000059e+02
1.238289999999999935e+02,3.720240000000000009e+02
1.191919999999999931e+02,3.634429999999999836e+02
1.142620000000000005e+02,3.547309999999999945e+02
1.088919999999999959e+02,3.463220000000000027e+02
1.057019999999999982e+02,3.414879999999999995e+02
1.046919999999999931e+02,3.369920000000000186e+02
1.047069999999999936e+02,3.310640000000000214e+02
1.054260000000000019e+02,3.245930000000000177e+02
1.066320000000000050e+02,3.191320000000000050e+02
1.091569999999999965e+02,3.149259999999999877e+02
1.137939999999999969e+02,3.102389999999999759e+02
1.206320000000000050e+02,3.032509999999999764e+02
1.248780000000000001e+02,2.936999999999999886e+02
1.276209999999999951e+02,2.836789999999999736e+02
1.239039999999999964e+02,2.726250000000000000e+02
1.213010000000000019e+02,2.639039999999999964e+02
1.193580000000000041e+02,2.552059999999999889e+02
1.180849999999999937e+02,2.464639999999999986e+02
1.175550000000000068e+02,2.377570000000000050e+02
1.178780000000000001e+02,2.292729999999999961e+02
1.192420000000000044e+02,2.209060000000000059e+02
1.215829999999999984e+02,2.124670000000000130e+02
1.242159999999999940e+02,2.037280000000000086e+02
1.270499999999999972e+02,1.947259999999999991e+02
1.299050000000000011e+02,1.853559999999999945e+02
1.324780000000000086e+02,1.757669999999999959e+02
1.347090000000000032e+02,1.660829999999999984e+02
1.365929999999999893e+02,1.563369999999999891e+02
1.381469999999999914e+02,1.465649999999999977e+02
1.394399999999999977e+02,1.365029999999999859e+02
1.399050000000000011e+02,1.262720000000000056e+02
1.387860000000000014e+02,1.157840000000000060e+02
1.362239999999999895e+02,1.057579999999999956e+02
1.326769999999999925e+02,9.638299999999999557e+01
1.285310000000000059e+02,8.758100000000000307e+01
1.240289999999999964e+02,7.919400000000000261e+01
1.193460000000000036e+02,7.117300000000000182e+01
1.145030000000000001e+02,6.301200000000000045e+01
1.105649999999999977e+02,5.580700000000000216e+01
1.101310000000000002e+02,5.423100000000000165e+01
1.117750000000000057e+02,5.404599999999999937e+01
1.189909999999999997e+02,5.391599999999999682e+01
1.257429999999999950e+02,5.396600000000000108e+01
1.318899999999999864e+02,5.438199999999999790e+01
1.376189999999999998e+02,5.560600000000000165e+01
1.427230000000000132e+02,5.733700000000000330e+01
1.457249999999999943e+02,5.973799999999999955e+01
1.481570000000000107e+02,6.428000000000000114e+01
1.509139999999999873e+02,7.098499999999999943e+01
1.529619999999999891e+02,7.615699999999999648e+01
1.574269999999999925e+02,8.742400000000000659e+01
1.714540000000000077e+02,8.814600000000000080e+01
1.790649999999999977e+02,8.853799999999999670e+01
1.866380000000000052e+02,8.892799999999999727e+01
1.941939999999999884e+02,8.934499999999999886e+01
2.024180000000000064e+02,8.985999999999999943e+01
2.098689999999999998e+02,9.038800000000000523e+01
2.179029999999999916e+02,9.110599999999999454e+01
2.345660000000000025e+02,9.169400000000000261e+01
2.390130000000000052e+02,7.978300000000000125e+01
2.406310000000000002e+02,7.443099999999999739e+01
2.440790000000000077e+02,6.239200000000000301e+01
2.412769999999999868e+02,5.298299999999999699e+01
2.399190000000000111e+02,4.680199999999999960e+01
2.399290000000000020e+02,4.661899999999999977e+01
2.432769999999999868e+02,4.640599999999999881e+01
2.496320000000000050e+02,4.638499999999999801e+01
2.588349999999999795e+02,4.661399999999999721e+01
nan,nan
2.585690000000000168e+02,5.160799999999999699e+01
2.665620000000000118e+02,5.219599999999999795e+01
2.713720000000000141e+02,5.343200000000000216e+01
2.729089999999999918e+02,5.433299999999999841e+01
2.727679999999999723e+02,5.617799999999999727e+01
2.713670000000000186e+02,6.170499999999999829e+01
2.691309999999999718e+02,6.799299999999999500e+01
2.595350000000000250e+02,9.176500000000000057e+01
2.841920000000000073e+02,9.455700000000000216e+01
2.889080000000000155e+02,9.509000000000000341e+01
2.889080000000000155e+02,9.509099999999999397e+01
2.952280000000000086e+02,9.584499999999999886e+01
3.079700000000000273e+02,9.763700000000000045e+01
3.181200000000000045e+02,8.862500000000000000e+01
3.199920000000000186e+02,8.490500000000000114e+01
3.232839999999999918e+02,8.467900000000000205e+01
3.314220000000000255e+02,8.470499999999999829e+01
3.402559999999999718e+02,8.491599999999999682e+01
3.402559999999999718e+02,8.491500000000000625e+01
3.486700000000000159e+02,8.523499999999999943e+01
3.572699999999999818e+02,8.568899999999999295e+01
3.603570000000000277e+02,8.591500000000000625e+01
3.555029999999999859e+02,9.046200000000000330e+01
3.479599999999999795e+02,9.699200000000000443e+01
3.426809999999999832e+02,1.114099999999999966e+02
3.475969999999999800e+02,1.257650000000000006e+02
3.552760000000000105e+02,1.318629999999999995e+02
3.603410000000000082e+02,1.361709999999999923e+02
3.626490000000000009e+02,1.396189999999999998e+02
3.637330000000000041e+02,1.442270000000000039e+02
3.639370000000000118e+02,1.510989999999999895e+02
3.635199999999999818e+02,1.592690000000000055e+02
3.627690000000000055e+02,1.676879999999999882e+02
3.618319999999999936e+02,1.762359999999999900e+02
3.607649999999999864e+02,1.849399999999999977e+02
3.595760000000000218e+02,1.938019999999999925e+02
3.583389999999999986e+02,2.021020000000000039e+02
3.571070000000000277e+02,2.086409999999999911e+02
3.548190000000000168e+02,2.133040000000000020e+02
3.508009999999999877e+02,2.187139999999999986e+02
3.456490000000000009e+02,2.247829999999999870e+02
3.401150000000000091e+02,2.309089999999999918e+02
3.344030000000000200e+02,2.370190000000000055e+02
3.282320000000000277e+02,2.434000000000000057e+02
3.219519999999999982e+02,2.496949999999999932e+02
3.155760000000000218e+02,2.559379999999999882e+02
3.089970000000000141e+02,2.622590000000000146e+02
3.025289999999999964e+02,2.683620000000000232e+02
2.959259999999999877e+02,2.744719999999999800e+02
2.893129999999999882e+02,2.804510000000000218e+02
2.828929999999999723e+02,2.860430000000000064e+02
2.775430000000000064e+02,2.901859999999999786e+02
2.725079999999999814e+02,2.923349999999999795e+02
2.656039999999999850e+02,2.946259999999999764e+02
2.550560000000000116e+02,2.979649999999999750e+02
2.423400000000000034e+02,3.064990000000000236e+02
2.365089999999999861e+02,3.194820000000000277e+02
2.336800000000000068e+02,3.288399999999999750e+02
2.311419999999999959e+02,3.367429999999999950e+02
2.283329999999999984e+02,3.436139999999999759e+02
2.214970000000000141e+02,3.559119999999999777e+02
2.250610000000000070e+02,3.693509999999999991e+02
2.314339999999999975e+02,3.798410000000000082e+02
2.362849999999999966e+02,3.870810000000000173e+02
2.420709999999999980e+02,3.936299999999999955e+02
2.474519999999999982e+02,3.991990000000000123e+02
2.524950000000000045e+02,4.044049999999999727e+02
2.571229999999999905e+02,4.094340000000000259e+02
2.606920000000000073e+02,4.137409999999999854e+02
2.646309999999999718e+02,4.209100000000000250e+02
2.689959999999999809e+02,4.295210000000000150e+02
2.733380000000000223e+02,4.383109999999999786e+02
2.776209999999999809e+02,4.471299999999999955e+02
2.818559999999999945e+02,4.559870000000000232e+02
2.818559999999999945e+02,4.559859999999999900e+02
2.859460000000000264e+02,4.646909999999999741e+02
2.859460000000000264e+02,4.646920000000000073e+02
2.899909999999999854e+02,4.735330000000000155e+02
2.932869999999999777e+02,4.814130000000000109e+02
2.942819999999999823e+02,4.852909999999999968e+02
2.944429999999999836e+02,4.864950000000000045e+02
2.939950000000000045e+02,4.876299999999999955e+02
2.933929999999999723e+02,4.881200000000000045e+02
2.911659999999999968e+02,4.889069999999999823e+02
2.877450000000000045e+02,4.890240000000000009e+02
2.819340000000000259e+02,4.879879999999999995e+02
2.760930000000000177e+02,4.855880000000000223e+02
2.701089999999999804e+02,4.819030000000000200e+02
2.640790000000000077e+02,4.771589999999999918e+02
2.582060000000000173e+02,4.717230000000000132e+02
2.526709999999999923e+02,4.658439999999999941e+02
2.477170000000000130e+02,4.595710000000000264e+02
2.431539999999999964e+02,4.527389999999999759e+02
2.387870000000000061e+02,4.453460000000000036e+02
2.345399999999999920e+02,4.375810000000000173e+02
2.304540000000000077e+02,4.297520000000000095e+02
2.262529999999999859e+02,4.216600000000000250e+02
2.219149999999999920e+02,4.135269999999999868e+02
2.124459999999999980e+02,3.974189999999999827e+02
1.933990000000000009e+02,3.992579999999999814e+02
1.867379999999999995e+02,4.181490000000000009e+02
1.853329999999999984e+02,4.291909999999999741e+02
1.846459999999999866e+02,4.387930000000000064e+02
1.841320000000000050e+02,4.475280000000000200e+02
1.830029999999999859e+02,4.548949999999999818e+02
1.805740000000000123e+02,4.624590000000000032e+02
1.785610000000000070e+02,4.680590000000000259e+02
1.783880000000000052e+02,4.643860000000000241e+02
1.781250000000000000e+02,4.551460000000000150e+02
1.779480000000000075e+02,4.459769999999999754e+02
1.778230000000000075e+02,4.383969999999999914e+02
1.776980000000000075e+02,4.307719999999999914e+02
1.775740000000000123e+02,4.231480000000000246e+02
1.772390000000000043e+02,4.026039999999999850e+02
1.601320000000000050e+02,4.003269999999999982e+02
1.540889999999999986e+02,3.991850000000000023e+02
1.491109999999999900e+02,3.975299999999999727e+02
1.449600000000000080e+02,3.952880000000000109e+02
1.418040000000000020e+02,3.926449999999999818e+02
1.388340000000000032e+02,3.884920000000000186e+02
1.353470000000000084e+02,3.826419999999999959e+02
1.317810000000000059e+02,3.762570000000000050e+02
1.282299999999999898e+02,3.696519999999999868e+02
1.235679999999999978e+02,3.610230000000000246e+02
1.185480000000000018e+02,3.521519999999999868e+02
1.130859999999999985e+02,3.435989999999999895e+02
1.103790000000000049e+02,3.394970000000000141e+02
1.096929999999999978e+02,3.364449999999999932e+02
1.097060000000000031e+02,3.313430000000000177e+02
1.103649999999999949e+02,3.254100000000000250e+02
1.113370000000000033e+02,3.210079999999999814e+02
1.131350000000000051e+02,3.180140000000000100e+02
1.173580000000000041e+02,3.137459999999999809e+02
1.248349999999999937e+02,3.061050000000000182e+02
1.296009999999999991e+02,2.953849999999999909e+02
1.328460000000000036e+02,2.835299999999999727e+02
1.286699999999999875e+02,2.711109999999999900e+02
1.261430000000000007e+02,2.626469999999999914e+02
1.242780000000000058e+02,2.542969999999999970e+02
1.230630000000000024e+02,2.459519999999999982e+02
1.225600000000000023e+02,2.376930000000000121e+02
1.228619999999999948e+02,2.297750000000000057e+02
1.241329999999999956e+02,2.219790000000000134e+02
1.263930000000000007e+02,2.138300000000000125e+02
1.289850000000000136e+02,2.052290000000000134e+02
1.318259999999999934e+02,1.962050000000000125e+02
1.347119999999999891e+02,1.867330000000000041e+02
1.373300000000000125e+02,1.769770000000000039e+02
1.396009999999999991e+02,1.671189999999999998e+02
1.415180000000000007e+02,1.572040000000000077e+02
1.430970000000000084e+02,1.472760000000000105e+02
1.444250000000000114e+02,1.369360000000000070e+02
1.449170000000000016e+02,1.261189999999999998e+02
1.437199999999999989e+02,1.148949999999999960e+02
1.409989999999999952e+02,1.042500000000000000e+02
1.372839999999999918e+02,9.443000000000000682e+01
1.329979999999999905e+02,8.533199999999999363e+01
1.283919999999999959e+02,7.675000000000000000e+01
1.236550000000000011e+02,6.863700000000000045e+01
1.188379999999999939e+02,6.052000000000000313e+01
1.179719999999999942e+02,5.893399999999999750e+01
1.190040000000000049e+02,5.891599999999999682e+01
1.255499999999999972e+02,5.896399999999999864e+01
1.311949999999999932e+02,5.934599999999999653e+01
1.362930000000000064e+02,6.043500000000000227e+01
1.402839999999999918e+02,6.178900000000000148e+01
1.418009999999999877e+02,6.300200000000000244e+01
1.436310000000000002e+02,6.642000000000000171e+01
1.462649999999999864e+02,7.282500000000000284e+01
1.462649999999999864e+02,7.282599999999999341e+01
1.483129999999999882e+02,7.799800000000000466e+01
1.539619999999999891e+02,9.225199999999999534e+01
1.711970000000000027e+02,9.313899999999999579e+01
1.788079999999999927e+02,9.353100000000000591e+01
1.863619999999999948e+02,9.392000000000000171e+01
1.938820000000000050e+02,9.433499999999999375e+01
2.021059999999999945e+02,9.484999999999999432e+01
2.021059999999999945e+02,9.484900000000000375e+01
2.094490000000000123e+02,9.537000000000000455e+01
2.175920000000000130e+02,9.609799999999999898e+01
2.379900000000000091e+02,9.681799999999999784e+01
2.437529999999999859e+02,8.138299999999999557e+01
2.454279999999999973e+02,7.584300000000000352e+01
2.492880000000000109e+02,6.236500000000000199e+01
2.461229999999999905e+02,5.173799999999999955e+01
2.460480000000000018e+02,5.139600000000000080e+01
2.495949999999999989e+02,5.138499999999999801e+01
2.585690000000000168e+02,5.160799999999999699e+01
nan,nan
2.583029999999999973e+02,5.660199999999999676e+01
2.657509999999999764e+02,5.714999999999999858e+01
2.672640000000000100e+02,5.753900000000000148e+01
2.665760000000000218e+02,6.025399999999999778e+01
2.644529999999999745e+02,6.622299999999999898e+01
2.524360000000000070e+02,9.599299999999999500e+01
2.836299999999999955e+02,9.952500000000000568e+01
2.881050000000000182e+02,1.000300000000000011e+02
2.946059999999999945e+02,1.008059999999999974e+02
3.095620000000000118e+02,1.029099999999999966e+02
3.221560000000000059e+02,9.172799999999999443e+01
3.231770000000000209e+02,8.969700000000000273e+01
3.234429999999999836e+02,8.967900000000000205e+01
3.313349999999999795e+02,8.970399999999999352e+01
3.402160000000000082e+02,8.991599999999999682e+01
3.481449999999999818e+02,9.021800000000000352e+01
3.437099999999999795e+02,9.405800000000000693e+01
3.373770000000000095e+02,1.113539999999999992e+02
3.433410000000000082e+02,1.287700000000000102e+02
3.521030000000000086e+02,1.357280000000000086e+02
3.565720000000000027e+02,1.395289999999999964e+02
3.579889999999999759e+02,1.416459999999999866e+02
3.587490000000000236e+02,1.448779999999999859e+02
3.589329999999999927e+02,1.510540000000000020e+02
3.585319999999999823e+02,1.589120000000000061e+02
3.577930000000000064e+02,1.671910000000000025e+02
3.568690000000000282e+02,1.756279999999999859e+02
3.558090000000000259e+02,1.842750000000000057e+02
3.546200000000000045e+02,1.931370000000000005e+02
3.534110000000000014e+02,2.012470000000000141e+02
3.523179999999999836e+02,2.070480000000000018e+02
3.505299999999999727e+02,2.106930000000000121e+02
3.468879999999999768e+02,2.155960000000000036e+02
3.418799999999999955e+02,2.214950000000000045e+02
3.364300000000000068e+02,2.275279999999999916e+02
3.307789999999999964e+02,2.335730000000000075e+02
3.246650000000000205e+02,2.398950000000000102e+02
3.184540000000000077e+02,2.461220000000000141e+02
3.121120000000000232e+02,2.523319999999999936e+02
3.055330000000000155e+02,2.586530000000000200e+02
2.991329999999999814e+02,2.646920000000000073e+02
2.925350000000000250e+02,2.707959999999999923e+02
2.859870000000000232e+02,2.767169999999999845e+02
2.797149999999999750e+02,2.821800000000000068e+02
2.749920000000000186e+02,2.858369999999999891e+02
2.707370000000000232e+02,2.876530000000000200e+02
2.640360000000000014e+02,2.898770000000000095e+02
2.528640000000000043e+02,2.934139999999999873e+02
2.383650000000000091e+02,3.031449999999999818e+02
2.318160000000000025e+02,3.177269999999999754e+02
2.289190000000000111e+02,3.273109999999999786e+02
2.264370000000000118e+02,3.350380000000000109e+02
2.238170000000000073e+02,3.414460000000000264e+02
2.161469999999999914e+02,3.552450000000000045e+02
2.204130000000000109e+02,3.713299999999999841e+02
2.272179999999999893e+02,3.825319999999999823e+02
2.323170000000000073e+02,3.901410000000000196e+02
2.383979999999999961e+02,3.970240000000000009e+02
2.438580000000000041e+02,4.026759999999999877e+02
2.488549999999999898e+02,4.078340000000000032e+02
2.533569999999999993e+02,4.127259999999999991e+02
2.565380000000000109e+02,4.165640000000000214e+02
2.602029999999999745e+02,4.232359999999999900e+02
2.645360000000000014e+02,4.317819999999999823e+02
2.688399999999999750e+02,4.404940000000000282e+02
2.688399999999999750e+02,4.404950000000000045e+02
2.731229999999999905e+02,4.493140000000000214e+02
2.773759999999999764e+02,4.582080000000000268e+02
2.813650000000000091e+02,4.666979999999999791e+02
2.854100000000000250e+02,4.755400000000000205e+02
2.885339999999999918e+02,4.830079999999999814e+02
2.887850000000000250e+02,4.839850000000000136e+02
2.881009999999999991e+02,4.840079999999999814e+02
2.833399999999999750e+02,4.831600000000000250e+02
2.783659999999999854e+02,4.811159999999999854e+02
2.729809999999999945e+02,4.778000000000000114e+02
2.673170000000000073e+02,4.733439999999999941e+02
2.617269999999999754e+02,4.681700000000000159e+02
2.564649999999999750e+02,4.625810000000000173e+02
2.517630000000000052e+02,4.566270000000000095e+02
2.473870000000000005e+02,4.500749999999999886e+02
2.431349999999999909e+02,4.428770000000000095e+02
2.389509999999999934e+02,4.352259999999999991e+02
2.348870000000000005e+02,4.274390000000000214e+02
2.306779999999999973e+02,4.193310000000000173e+02
2.262779999999999916e+02,4.110819999999999936e+02
2.151399999999999864e+02,3.921360000000000241e+02
1.897439999999999998e+02,3.945880000000000223e+02
1.824459999999999980e+02,4.152839999999999918e+02
1.821680000000000064e+02,3.982160000000000082e+02
1.609279999999999973e+02,3.953890000000000100e+02
1.553489999999999895e+02,3.943340000000000032e+02
1.510989999999999895e+02,3.929209999999999923e+02
1.477810000000000059e+02,3.911290000000000191e+02
1.455029999999999859e+02,3.892210000000000036e+02
1.430200000000000102e+02,3.857500000000000000e+02
1.396709999999999923e+02,3.801309999999999718e+02
1.361819999999999879e+02,3.738840000000000146e+02
1.326310000000000002e+02,3.672799999999999727e+02
1.279440000000000026e+02,3.586030000000000086e+02
1.228340000000000032e+02,3.495729999999999791e+02
1.172800000000000011e+02,3.408759999999999764e+02
1.150550000000000068e+02,3.375059999999999718e+02
1.146940000000000026e+02,3.358980000000000246e+02
1.147049999999999983e+02,3.316220000000000141e+02
1.153040000000000020e+02,3.262269999999999754e+02
1.160430000000000064e+02,3.228820000000000050e+02
1.171099999999999994e+02,3.211039999999999850e+02
1.209219999999999970e+02,3.172529999999999859e+02
1.290380000000000109e+02,3.089590000000000032e+02
1.343240000000000123e+02,2.970699999999999932e+02
1.380709999999999980e+02,2.833809999999999718e+02
1.334360000000000070e+02,2.695969999999999800e+02
1.309850000000000136e+02,2.613899999999999864e+02
1.291980000000000075e+02,2.533880000000000052e+02
1.280409999999999968e+02,2.454399999999999977e+02
1.275649999999999977e+02,2.376299999999999955e+02
1.278460000000000036e+02,2.302789999999999964e+02
1.290240000000000009e+02,2.230480000000000018e+02
1.311959999999999980e+02,2.152170000000000130e+02
1.337719999999999914e+02,2.066719999999999970e+02
1.366020000000000039e+02,1.976839999999999975e+02
1.395190000000000055e+02,1.881100000000000136e+02
1.421819999999999879e+02,1.781870000000000118e+02
1.444929999999999950e+02,1.681550000000000011e+02
1.464430000000000121e+02,1.580709999999999980e+02
1.480469999999999970e+02,1.479869999999999948e+02
1.494099999999999966e+02,1.373689999999999998e+02
1.499290000000000020e+02,1.259669999999999987e+02
1.486539999999999964e+02,1.140060000000000002e+02
1.457740000000000009e+02,1.027420000000000044e+02
1.418909999999999911e+02,9.247700000000000387e+01
1.374650000000000034e+02,8.308299999999999841e+01
1.327549999999999955e+02,7.430599999999999739e+01
1.279639999999999986e+02,6.610099999999999909e+01
1.267510000000000048e+02,6.405700000000000216e+01
1.305000000000000000e+02,6.431000000000000227e+01
1.349660000000000082e+02,6.526399999999999579e+01
1.378460000000000036e+02,6.624099999999999966e+01
1.378770000000000095e+02,6.626600000000000534e+01
1.391030000000000086e+02,6.855700000000000216e+01
1.416119999999999948e+02,7.465800000000000125e+01
1.436639999999999873e+02,7.983899999999999864e+01
1.504970000000000141e+02,9.707999999999999829e+01
1.709399999999999977e+02,9.813200000000000500e+01
1.785509999999999877e+02,9.852400000000000091e+01
1.860860000000000127e+02,9.891200000000000614e+01
1.935699999999999932e+02,9.932500000000000284e+01
2.019420000000000073e+02,9.984900000000000375e+01
2.090329999999999870e+02,1.003520000000000039e+02
2.172810000000000059e+02,1.010900000000000034e+02
2.414139999999999873e+02,1.019419999999999931e+02
2.484929999999999950e+02,8.298300000000000409e+01
2.502249999999999943e+02,7.725499999999999545e+01
2.544970000000000141e+02,6.233800000000000097e+01
2.527470000000000141e+02,5.646399999999999864e+01
2.583029999999999973e+02,5.660199999999999676e+01
nan,nan
3.312479999999999905e+02,9.470300000000000296e+01
3.380880000000000223e+02,9.486700000000000443e+01
3.320729999999999791e+02,1.112980000000000018e+02
3.390849999999999795e+02,1.317750000000000057e+02
3.489300000000000068e+02,1.395929999999999893e+02
3.528029999999999973e+02,1.428870000000000005e+02
3.533290000000000077e+02,1.436730000000000018e+02
3.537649999999999864e+02,1.455289999999999964e+02
3.539279999999999973e+02,1.509970000000000141e+02
3.535409999999999968e+02,1.585790000000000077e+02
3.528159999999999741e+02,1.667040000000000077e+02
3.519060000000000059e+02,1.750200000000000102e+02
3.508530000000000086e+02,1.836100000000000136e+02
3.496639999999999873e+02,1.924720000000000084e+02
3.484830000000000041e+02,2.003919999999999959e+02
3.475289999999999964e+02,2.054559999999999889e+02
3.462420000000000186e+02,2.080800000000000125e+02
3.429750000000000227e+02,2.124780000000000086e+02
3.381109999999999900e+02,2.182069999999999936e+02
3.327470000000000141e+02,2.241450000000000102e+02
3.271530000000000200e+02,2.301289999999999907e+02
3.210980000000000132e+02,2.363899999999999864e+02
3.149560000000000173e+02,2.425490000000000066e+02
3.086480000000000246e+02,2.487259999999999991e+02
3.020690000000000168e+02,2.550469999999999970e+02
2.957019999999999982e+02,2.610550000000000068e+02
2.891809999999999832e+02,2.670869999999999891e+02
2.826329999999999814e+02,2.730070000000000050e+02
2.765369999999999777e+02,2.783159999999999741e+02
2.724409999999999741e+02,2.814879999999999995e+02
2.689549999999999841e+02,2.829759999999999991e+02
2.625269999999999868e+02,2.851100000000000136e+02
2.506719999999999970e+02,2.888629999999999995e+02
2.343899999999999864e+02,2.997909999999999968e+02
2.271229999999999905e+02,3.159719999999999800e+02
2.241380000000000052e+02,3.258460000000000036e+02
2.217369999999999948e+02,3.333210000000000264e+02
2.193009999999999877e+02,3.392780000000000200e+02
2.107969999999999970e+02,3.545779999999999745e+02
2.157649999999999864e+02,3.733090000000000259e+02
2.230020000000000095e+02,3.852230000000000132e+02
2.283489999999999895e+02,3.932019999999999982e+02
2.347249999999999943e+02,4.004180000000000064e+02
2.402640000000000100e+02,4.061519999999999868e+02
2.452150000000000034e+02,4.112629999999999768e+02
2.495829999999999984e+02,4.160090000000000146e+02
2.523870000000000005e+02,4.193919999999999959e+02
2.557690000000000055e+02,4.255489999999999782e+02
2.600760000000000218e+02,4.340430000000000064e+02
2.643570000000000277e+02,4.427090000000000032e+02
2.686250000000000000e+02,4.514979999999999905e+02
2.728650000000000091e+02,4.603650000000000091e+02
2.728650000000000091e+02,4.603639999999999759e+02
2.768179999999999836e+02,4.687769999999999868e+02
2.768179999999999836e+02,4.687780000000000200e+02
2.803279999999999745e+02,4.764510000000000218e+02
2.758469999999999800e+02,4.736920000000000073e+02
2.705550000000000068e+02,4.695289999999999964e+02
2.652479999999999905e+02,4.646170000000000186e+02
2.602590000000000146e+02,4.593179999999999836e+02
2.558089999999999975e+02,4.536829999999999927e+02
2.516200000000000045e+02,4.474110000000000014e+02
2.474830000000000041e+02,4.404080000000000155e+02
2.433619999999999948e+02,4.328709999999999809e+02
2.393199999999999932e+02,4.251259999999999764e+02
2.351030000000000086e+02,4.170029999999999859e+02
2.306409999999999911e+02,4.086370000000000005e+02
2.178340000000000032e+02,3.868530000000000086e+02
1.860889999999999986e+02,3.899180000000000064e+02
1.848170000000000073e+02,3.935240000000000009e+02
1.617280000000000086e+02,3.904510000000000218e+02
1.566080000000000041e+02,3.894830000000000041e+02
1.530869999999999891e+02,3.883120000000000118e+02
1.506049999999999898e+02,3.869719999999999800e+02
1.491999999999999886e+02,3.857950000000000159e+02
1.472059999999999889e+02,3.830079999999999814e+02
1.439950000000000045e+02,3.776200000000000045e+02
1.405829999999999984e+02,3.715110000000000241e+02
1.370320000000000107e+02,3.649080000000000155e+02
1.323199999999999932e+02,3.561829999999999927e+02
1.271200000000000045e+02,3.469940000000000282e+02
1.214740000000000038e+02,3.381530000000000200e+02
1.197330000000000041e+02,3.355160000000000196e+02
1.196949999999999932e+02,3.353480000000000132e+02
1.197039999999999935e+02,3.318999999999999773e+02
1.202429999999999950e+02,3.270459999999999923e+02
1.207489999999999952e+02,3.247559999999999718e+02
1.210879999999999939e+02,3.241909999999999741e+02
1.244860000000000042e+02,3.207599999999999909e+02
1.332410000000000139e+02,3.118129999999999882e+02
1.390469999999999970e+02,2.987549999999999955e+02
1.432959999999999923e+02,2.832320000000000277e+02
1.382040000000000077e+02,2.680910000000000082e+02
1.358259999999999934e+02,2.601290000000000191e+02
1.341179999999999950e+02,2.524790000000000134e+02
1.330190000000000055e+02,2.449279999999999973e+02
1.325699999999999932e+02,2.375670000000000073e+02
1.328300000000000125e+02,2.307810000000000059e+02
1.339149999999999920e+02,2.241179999999999950e+02
1.359989999999999952e+02,2.166049999999999898e+02
1.385409999999999968e+02,2.081740000000000066e+02
1.413779999999999859e+02,1.991630000000000109e+02
1.443259999999999934e+02,1.894869999999999948e+02
1.470339999999999918e+02,1.793969999999999914e+02
1.493849999999999909e+02,1.691910000000000025e+02
1.513679999999999950e+02,1.589389999999999930e+02
1.529970000000000141e+02,1.486980000000000075e+02
1.543950000000000102e+02,1.378019999999999925e+02
1.549410000000000025e+02,1.258149999999999977e+02
1.535879999999999939e+02,1.131170000000000044e+02
1.507700000000000102e+02,1.020999999999999943e+02
1.706829999999999927e+02,1.031250000000000000e+02
1.782940000000000111e+02,1.035169999999999959e+02
1.858100000000000023e+02,1.039039999999999964e+02
1.932580000000000098e+02,1.043149999999999977e+02
2.016299999999999955e+02,1.048389999999999986e+02
2.086119999999999948e+02,1.053340000000000032e+02
2.169699999999999989e+02,1.060819999999999936e+02
2.448379999999999939e+02,1.070660000000000025e+02
2.473100000000000023e+02,1.004440000000000026e+02
2.830679999999999836e+02,1.044929999999999950e+02
2.875120000000000005e+02,1.049939999999999998e+02
2.875120000000000005e+02,1.049950000000000045e+02
2.939830000000000041e+02,1.057669999999999959e+02
3.111539999999999964e+02,1.081830000000000069e+02
3.261929999999999836e+02,9.482999999999999829e+01
3.262640000000000100e+02,9.468699999999999761e+01
3.312479999999999905e+02,9.470300000000000296e+01
nan,nan
2.607210000000000036e+02,6.179299999999999926e+01
2.597789999999999964e+02,6.443999999999999773e+01
2.574259999999999877e+02,7.027100000000000080e+01
2.597060000000000173e+02,6.231000000000000227e+01
2.595260000000000105e+02,6.170499999999999829e+01
2.607210000000000036e+02,6.179299999999999926e+01
nan,nan
2.415749999999999886e+02,4.146920000000000073e+02
2.458089999999999975e+02,4.192919999999999732e+02
2.482359999999999900e+02,4.222200000000000273e+02
2.513480000000000132e+02,4.278849999999999909e+02
2.555929999999999893e+02,4.362570000000000050e+02
2.555929999999999893e+02,4.362579999999999814e+02
2.598740000000000236e+02,4.449239999999999782e+02
2.641270000000000095e+02,4.536820000000000164e+02
2.665090000000000146e+02,4.586630000000000109e+02
2.640529999999999973e+02,4.560550000000000068e+02
2.598550000000000182e+02,4.507389999999999759e+02
2.558530000000000086e+02,4.447470000000000141e+02
2.518309999999999889e+02,4.379390000000000214e+02
2.477729999999999961e+02,4.305160000000000196e+02
2.437529999999999859e+02,4.228129999999999882e+02
2.395279999999999916e+02,4.146750000000000114e+02
2.370399999999999920e+02,4.100099999999999909e+02
2.415749999999999886e+02,4.146920000000000073e+02
nan,nan
3.309929999999999950e+02,9.970199999999999818e+01
3.267690000000000055e+02,1.112420000000000044e+02
3.348290000000000077e+02,1.347800000000000011e+02
3.457570000000000050e+02,1.434579999999999984e+02
3.487379999999999995e+02,1.459939999999999998e+02
3.487810000000000059e+02,1.461769999999999925e+02
3.489239999999999782e+02,1.509519999999999982e+02
3.485529999999999973e+02,1.582220000000000084e+02
3.478399999999999750e+02,1.662129999999999939e+02
3.469429999999999836e+02,1.744120000000000061e+02
3.458969999999999914e+02,1.829449999999999932e+02
3.447080000000000268e+02,1.918069999999999879e+02
3.435550000000000068e+02,1.995370000000000061e+02
3.427400000000000091e+02,2.038650000000000091e+02
3.419549999999999841e+02,2.054639999999999986e+02
3.390559999999999832e+02,2.093669999999999902e+02
3.343419999999999845e+02,2.149190000000000111e+02
3.290939999999999941e+02,2.207299999999999898e+02
3.234990000000000236e+02,2.267139999999999986e+02
3.175310000000000059e+02,2.328849999999999909e+02
3.114159999999999968e+02,2.390180000000000007e+02
3.051840000000000259e+02,2.451200000000000045e+02
2.986370000000000005e+02,2.514099999999999966e+02
2.922699999999999818e+02,2.574180000000000064e+02
2.858279999999999745e+02,2.633779999999999859e+02
2.793489999999999895e+02,2.692359999999999900e+02
2.733489999999999895e+02,2.744610000000000127e+02
2.698899999999999864e+02,2.771390000000000100e+02
2.671730000000000018e+02,2.782989999999999782e+02
2.610179999999999723e+02,2.803430000000000177e+02
2.484799999999999898e+02,2.843120000000000118e+02
2.304149999999999920e+02,2.964370000000000118e+02
2.224300000000000068e+02,3.142169999999999845e+02
2.193569999999999993e+02,3.243809999999999718e+02
2.170380000000000109e+02,3.315989999999999895e+02
2.147839999999999918e+02,3.371129999999999995e+02
2.054470000000000027e+02,3.539110000000000014e+02
2.111169999999999902e+02,3.752880000000000109e+02
2.152419999999999902e+02,3.820799999999999841e+02
1.824350000000000023e+02,3.852479999999999905e+02
1.814519999999999982e+02,3.880319999999999823e+02
1.625279999999999916e+02,3.855129999999999768e+02
1.578629999999999995e+02,3.846309999999999718e+02
1.550809999999999889e+02,3.837060000000000173e+02
1.534269999999999925e+02,3.828129999999999882e+02
1.528950000000000102e+02,3.823670000000000186e+02
1.513969999999999914e+02,3.802740000000000009e+02
1.483189999999999884e+02,3.751089999999999804e+02
1.449840000000000089e+02,3.691379999999999768e+02
1.414339999999999975e+02,3.625360000000000014e+02
1.366959999999999980e+02,3.537640000000000100e+02
1.314060000000000059e+02,3.444150000000000205e+02
1.256680000000000064e+02,3.354300000000000068e+02
1.246979999999999933e+02,3.339610000000000127e+02
1.247030000000000030e+02,3.321789999999999736e+02
1.251820000000000022e+02,3.278650000000000091e+02
1.253820000000000050e+02,3.269599999999999795e+02
1.280490000000000066e+02,3.242679999999999723e+02
1.374439999999999884e+02,3.146669999999999732e+02
1.437700000000000102e+02,3.004399999999999977e+02
1.485209999999999866e+02,2.830819999999999936e+02
1.429720000000000084e+02,2.665849999999999795e+02
1.406670000000000016e+02,2.588679999999999950e+02
1.390380000000000109e+02,2.515709999999999980e+02
1.379970000000000141e+02,2.444159999999999968e+02
1.375749999999999886e+02,2.375039999999999907e+02
1.378139999999999930e+02,2.312829999999999870e+02
1.388060000000000116e+02,2.251879999999999882e+02
1.408019999999999925e+02,2.179929999999999950e+02
1.433100000000000023e+02,2.096759999999999877e+02
1.461539999999999964e+02,2.006419999999999959e+02
1.491330000000000098e+02,1.908640000000000043e+02
1.518859999999999957e+02,1.806069999999999993e+02
1.542769999999999868e+02,1.702270000000000039e+02
1.562930000000000064e+02,1.598069999999999879e+02
1.579470000000000027e+02,1.494089999999999918e+02
1.593799999999999955e+02,1.382350000000000136e+02
1.599530000000000030e+02,1.256629999999999967e+02
1.585219999999999914e+02,1.122279999999999944e+02
1.572969999999999970e+02,1.074419999999999931e+02
1.704259999999999877e+02,1.081179999999999950e+02
1.780370000000000061e+02,1.085100000000000051e+02
1.855529999999999973e+02,1.088970000000000056e+02
1.929459999999999980e+02,1.093040000000000020e+02
1.929459999999999980e+02,1.093050000000000068e+02
2.013180000000000121e+02,1.098289999999999935e+02
2.081910000000000025e+02,1.103160000000000025e+02
2.166589999999999918e+02,1.110739999999999981e+02
2.482620000000000005e+02,1.121899999999999977e+02
2.506279999999999859e+02,1.058509999999999991e+02
2.825070000000000050e+02,1.094609999999999985e+02
2.868340000000000032e+02,1.099489999999999981e+02
2.933539999999999850e+02,1.107270000000000039e+02
3.127459999999999809e+02,1.134560000000000031e+02
3.282459999999999809e+02,9.969299999999999784e+01
3.309929999999999950e+02,9.970199999999999818e+01
nan,nan
2.819460000000000264e+02,1.144290000000000020e+02
2.862740000000000009e+02,1.149180000000000064e+02
2.862740000000000009e+02,1.149170000000000016e+02
2.927250000000000227e+02,1.156869999999999976e+02
3.143380000000000223e+02,1.187289999999999992e+02
3.217830000000000155e+02,1.121170000000000044e+02
3.305729999999999791e+02,1.377849999999999966e+02
3.425869999999999891e+02,1.473249999999999886e+02
3.438439999999999941e+02,1.483950000000000102e+02
3.439189999999999827e+02,1.508959999999999866e+02
3.435620000000000118e+02,1.578919999999999959e+02
3.428639999999999759e+02,1.657220000000000084e+02
3.419800000000000182e+02,1.738040000000000020e+02
3.409409999999999741e+02,1.822800000000000011e+02
3.397520000000000095e+02,1.911419999999999959e+02
3.386259999999999764e+02,1.986910000000000025e+02
3.379510000000000218e+02,2.022740000000000009e+02
3.376689999999999827e+02,2.028480000000000132e+02
3.351360000000000241e+02,2.062580000000000098e+02
3.305910000000000082e+02,2.116109999999999900e+02
3.254060000000000059e+02,2.173520000000000039e+02
3.198750000000000000e+02,2.232680000000000007e+02
3.139639999999999986e+02,2.293799999999999955e+02
3.079180000000000064e+02,2.354449999999999932e+02
3.017200000000000273e+02,2.415140000000000100e+02
2.952049999999999841e+02,2.477729999999999961e+02
2.888380000000000223e+02,2.537810000000000059e+02
2.824370000000000118e+02,2.597019999999999982e+02
2.760649999999999977e+02,2.654649999999999750e+02
2.701720000000000255e+02,2.705960000000000036e+02
2.673330000000000268e+02,2.727939999999999827e+02
2.654039999999999964e+02,2.736170000000000186e+02
2.594920000000000186e+02,2.755810000000000173e+02
2.462880000000000109e+02,2.797610000000000241e+02
2.264399999999999977e+02,2.930830000000000268e+02
2.177369999999999948e+02,3.124619999999999891e+02
2.145759999999999934e+02,3.229150000000000205e+02
2.123379999999999939e+02,3.298820000000000050e+02
2.102680000000000007e+02,3.349449999999999932e+02
2.000970000000000084e+02,3.532440000000000282e+02
2.064689999999999941e+02,3.772669999999999959e+02
2.068340000000000032e+02,3.778679999999999950e+02
1.787820000000000107e+02,3.805779999999999745e+02
1.780879999999999939e+02,3.825400000000000205e+02
1.633280000000000030e+02,3.805749999999999886e+02
1.591250000000000000e+02,3.797799999999999727e+02
1.570699999999999932e+02,3.790969999999999800e+02
1.564730000000000132e+02,3.787749999999999773e+02
1.555850000000000080e+02,3.775339999999999918e+02
1.526430000000000007e+02,3.725980000000000132e+02
1.493849999999999909e+02,3.667649999999999864e+02
1.458360000000000127e+02,3.601639999999999873e+02
1.410720000000000027e+02,3.513450000000000273e+02
1.356920000000000073e+02,3.418360000000000127e+02
1.298609999999999900e+02,3.327069999999999936e+02
1.297019999999999982e+02,3.324660000000000082e+02
1.297019999999999982e+02,3.324580000000000268e+02
1.300459999999999923e+02,3.293550000000000182e+02
1.316119999999999948e+02,3.277760000000000105e+02
1.416469999999999914e+02,3.175210000000000150e+02
1.484929999999999950e+02,3.021250000000000000e+02
1.537460000000000093e+02,2.829320000000000164e+02
1.477400000000000091e+02,2.650779999999999745e+02
1.455080000000000098e+02,2.576039999999999850e+02
1.439590000000000032e+02,2.506659999999999968e+02
1.429749999999999943e+02,2.439050000000000011e+02
1.425800000000000125e+02,2.374410000000000025e+02
1.427980000000000018e+02,2.317839999999999918e+02
1.436959999999999980e+02,2.262620000000000005e+02
1.456049999999999898e+02,2.193820000000000050e+02
1.480970000000000084e+02,2.111200000000000045e+02
1.480960000000000036e+02,2.111189999999999998e+02
1.509300000000000068e+02,2.021210000000000093e+02
1.539399999999999977e+02,1.922410000000000139e+02
1.567379999999999995e+02,1.818170000000000073e+02
1.591690000000000111e+02,1.712630000000000052e+02
1.612179999999999893e+02,1.606750000000000114e+02
1.628969999999999914e+02,1.501200000000000045e+02
1.643650000000000091e+02,1.386680000000000064e+02
1.649650000000000034e+02,1.255109999999999957e+02
1.636080000000000041e+02,1.127729999999999961e+02
1.701690000000000111e+02,1.131110000000000042e+02
1.777800000000000011e+02,1.135030000000000001e+02
1.852959999999999923e+02,1.138900000000000006e+02
1.924590000000000032e+02,1.142840000000000060e+02
2.010060000000000002e+02,1.148190000000000026e+02
2.010060000000000002e+02,1.148179999999999978e+02
2.077669999999999959e+02,1.152969999999999970e+02
2.163480000000000132e+02,1.160660000000000025e+02
2.516860000000000070e+02,1.173139999999999930e+02
2.539459999999999980e+02,1.112579999999999956e+02
2.819460000000000264e+02,1.144290000000000020e+02
nan,nan
2.813840000000000146e+02,1.193970000000000056e+02
2.857989999999999782e+02,1.198960000000000008e+02
2.921019999999999754e+02,1.206479999999999961e+02
3.159300000000000068e+02,1.240019999999999953e+02
3.194859999999999900e+02,1.208430000000000035e+02
3.263170000000000073e+02,1.407899999999999920e+02
3.389130000000000109e+02,1.507920000000000016e+02
3.389150000000000205e+02,1.508309999999999889e+02
3.385710000000000264e+02,1.575620000000000118e+02
3.378879999999999768e+02,1.652309999999999945e+02
3.370169999999999959e+02,1.731959999999999980e+02
3.359850000000000136e+02,1.816150000000000091e+02
3.347959999999999923e+02,1.904770000000000039e+02
3.336970000000000027e+02,1.978400000000000034e+02
3.332010000000000218e+02,2.004770000000000039e+02
3.312099999999999795e+02,2.031560000000000059e+02
3.268399999999999750e+02,2.083029999999999973e+02
3.217180000000000177e+02,2.139739999999999895e+02
3.162509999999999764e+02,2.198220000000000027e+02
3.103969999999999914e+02,2.258760000000000048e+02
3.044200000000000159e+02,2.318720000000000141e+02
2.982559999999999718e+02,2.379079999999999870e+02
2.917730000000000246e+02,2.441359999999999957e+02
2.854060000000000059e+02,2.501440000000000055e+02
2.790830000000000268e+02,2.559939999999999998e+02
2.727459999999999809e+02,2.617250000000000227e+02
2.670040000000000191e+02,2.667239999999999895e+02
2.647780000000000200e+02,2.684470000000000027e+02
2.636299999999999955e+02,2.689370000000000118e+02
2.579660000000000082e+02,2.708190000000000168e+02
2.440960000000000036e+02,2.752099999999999795e+02
2.224650000000000034e+02,2.897289999999999850e+02
2.130440000000000111e+02,3.107069999999999936e+02
2.097949999999999875e+02,3.214490000000000123e+02
2.076380000000000052e+02,3.281650000000000205e+02
2.057520000000000095e+02,3.327769999999999868e+02
1.947470000000000141e+02,3.525769999999999982e+02
2.002899999999999920e+02,3.734759999999999991e+02
1.751299999999999955e+02,3.759069999999999823e+02
1.747259999999999991e+02,3.770480000000000018e+02
1.641279999999999859e+02,3.756370000000000005e+02
1.603839999999999861e+02,3.749289999999999736e+02
1.597220000000000084e+02,3.747090000000000032e+02
1.569670000000000130e+02,3.700869999999999891e+02
1.537860000000000014e+02,3.643919999999999959e+02
1.502379999999999995e+02,3.577919999999999732e+02
1.454480000000000075e+02,3.489250000000000114e+02
1.399780000000000086e+02,3.392570000000000050e+02
1.349979999999999905e+02,3.314610000000000127e+02
1.351740000000000066e+02,3.312850000000000250e+02
1.458499999999999943e+02,3.203750000000000000e+02
1.532160000000000082e+02,3.038100000000000023e+02
1.589710000000000036e+02,2.827819999999999823e+02
1.525080000000000098e+02,2.635710000000000264e+02
1.503489999999999895e+02,2.563399999999999750e+02
1.488799999999999955e+02,2.497599999999999909e+02
1.479530000000000030e+02,2.433930000000000007e+02
1.475850000000000080e+02,2.373779999999999859e+02
1.477820000000000107e+02,2.322839999999999918e+02
1.485860000000000127e+02,2.273360000000000127e+02
1.504079999999999870e+02,2.207709999999999866e+02
1.529099999999999966e+02,2.124759999999999991e+02
1.557059999999999889e+02,2.036009999999999991e+02
1.587470000000000141e+02,1.936179999999999950e+02
1.615900000000000034e+02,1.830269999999999868e+02
1.640610000000000070e+02,1.722990000000000066e+02
1.661430000000000007e+02,1.615430000000000064e+02
1.678470000000000084e+02,1.508309999999999889e+02
1.693499999999999943e+02,1.390999999999999943e+02
1.699770000000000039e+02,1.253589999999999947e+02
1.691999999999999886e+02,1.180669999999999931e+02
1.699120000000000061e+02,1.181039999999999992e+02
1.775229999999999961e+02,1.184959999999999951e+02
1.850389999999999873e+02,1.188829999999999956e+02
1.921469999999999914e+02,1.192729999999999961e+02
1.921469999999999914e+02,1.192740000000000009e+02
2.008640000000000043e+02,1.198190000000000026e+02
2.073420000000000130e+02,1.202780000000000058e+02
2.160360000000000014e+02,1.210580000000000069e+02
2.551109999999999900e+02,1.224380000000000024e+02
2.572640000000000100e+02,1.166650000000000063e+02
2.813840000000000146e+02,1.193970000000000056e+02
nan,nan
2.808220000000000027e+02,1.243649999999999949e+02
2.852069999999999936e+02,1.248599999999999994e+02
2.852069999999999936e+02,1.248610000000000042e+02
2.914730000000000132e+02,1.256080000000000041e+02
3.170659999999999741e+02,1.292100000000000080e+02
3.220609999999999786e+02,1.437949999999999875e+02
3.337919999999999732e+02,1.531100000000000136e+02
3.335830000000000268e+02,1.572059999999999889e+02
3.329119999999999777e+02,1.647400000000000091e+02
3.320539999999999736e+02,1.725879999999999939e+02
3.310289999999999964e+02,1.809499999999999886e+02
3.298399999999999750e+02,1.898120000000000118e+02
3.287669999999999959e+02,1.969989999999999952e+02
3.284990000000000236e+02,1.984199999999999875e+02
3.272989999999999782e+02,2.000349999999999966e+02
3.230720000000000027e+02,2.050140000000000100e+02
3.180649999999999977e+02,2.105589999999999975e+02
3.125969999999999800e+02,2.164070000000000107e+02
3.068290000000000077e+02,2.223720000000000141e+02
3.008790000000000191e+02,2.283420000000000130e+02
2.947919999999999732e+02,2.343019999999999925e+02
2.883410000000000082e+02,2.404989999999999952e+02
2.819739999999999895e+02,2.465070000000000050e+02
2.756870000000000118e+02,2.523230000000000075e+02
2.694270000000000209e+02,2.579850000000000136e+02
2.638279999999999745e+02,2.628589999999999804e+02
2.622269999999999754e+02,2.640980000000000132e+02
2.618539999999999850e+02,2.642570000000000050e+02
2.564189999999999827e+02,2.660629999999999882e+02
2.419039999999999964e+02,2.706589999999999918e+02
2.184900000000000091e+02,2.863750000000000000e+02
2.083509999999999991e+02,3.089519999999999982e+02
2.050089999999999861e+02,3.200000000000000000e+02
2.029389999999999930e+02,3.264429999999999836e+02
2.012350000000000136e+02,3.306120000000000232e+02
1.893969999999999914e+02,3.519100000000000250e+02
1.939470000000000027e+02,3.690649999999999977e+02
1.714799999999999898e+02,3.712359999999999900e+02
1.713660000000000139e+02,3.715559999999999832e+02
1.649279999999999973e+02,3.706990000000000123e+02
1.629269999999999925e+02,3.703210000000000264e+02
1.612909999999999968e+02,3.675760000000000218e+02
1.581730000000000018e+02,3.619929999999999950e+02
1.546399999999999864e+02,3.554200000000000159e+02
1.498240000000000123e+02,3.465049999999999955e+02
1.442640000000000100e+02,3.366779999999999973e+02
1.413520000000000039e+02,3.321200000000000045e+02
1.500529999999999973e+02,3.232289999999999850e+02
1.579389999999999930e+02,3.054950000000000045e+02
1.641959999999999980e+02,2.826320000000000050e+02
1.572729999999999961e+02,2.620570000000000164e+02
1.551910000000000025e+02,2.550800000000000125e+02
1.538009999999999877e+02,2.488540000000000134e+02
1.529310000000000116e+02,2.428810000000000002e+02
1.525900000000000034e+02,2.373149999999999977e+02
1.527659999999999911e+02,2.327829999999999870e+02
1.534759999999999991e+02,2.284110000000000014e+02
1.552110000000000127e+02,2.221599999999999966e+02
1.576970000000000027e+02,2.139199999999999875e+02
1.604819999999999993e+02,2.050809999999999889e+02
1.635540000000000020e+02,1.949950000000000045e+02
1.664420000000000073e+02,1.842369999999999948e+02
1.689530000000000030e+02,1.733360000000000127e+02
1.710680000000000121e+02,1.624110000000000014e+02
1.727969999999999970e+02,1.515420000000000016e+02
1.743350000000000080e+02,1.395320000000000107e+02
1.749890000000000043e+02,1.252069999999999936e+02
1.747920000000000016e+02,1.233610000000000042e+02
1.772659999999999911e+02,1.234890000000000043e+02
1.847820000000000107e+02,1.238760000000000048e+02
1.847820000000000107e+02,1.238750000000000000e+02
1.916839999999999975e+02,1.242540000000000049e+02
2.005519999999999925e+02,1.248089999999999975e+02
2.005519999999999925e+02,1.248080000000000069e+02
2.069130000000000109e+02,1.252590000000000003e+02
2.157239999999999895e+02,1.260499999999999972e+02
2.585360000000000014e+02,1.275619999999999976e+02
2.605830000000000268e+02,1.220720000000000027e+02
2.808220000000000027e+02,1.243649999999999949e+02
nan,nan
2.802599999999999909e+02,1.293329999999999984e+02
2.844259999999999877e+02,1.298029999999999973e+02
2.908439999999999941e+02,1.305680000000000121e+02
3.133299999999999841e+02,1.337330000000000041e+02
3.178050000000000068e+02,1.468000000000000114e+02
3.286659999999999968e+02,1.554250000000000114e+02
3.285919999999999845e+02,1.568760000000000048e+02
3.279350000000000023e+02,1.642549999999999955e+02
3.270910000000000082e+02,1.719799999999999898e+02
3.260729999999999791e+02,1.802849999999999966e+02
3.248840000000000146e+02,1.891469999999999914e+02
3.238349999999999795e+02,1.961680000000000064e+02
3.237989999999999782e+02,1.963619999999999948e+02
3.233879999999999768e+02,1.969139999999999873e+02
3.193039999999999736e+02,2.017249999999999943e+02
3.143770000000000095e+02,2.071810000000000116e+02
3.089730000000000132e+02,2.129610000000000127e+02
3.032610000000000241e+02,2.188679999999999950e+02
2.973809999999999718e+02,2.247690000000000055e+02
2.913279999999999745e+02,2.306959999999999980e+02
2.849089999999999918e+02,2.368619999999999948e+02
2.785419999999999732e+02,2.428700000000000045e+02
2.723330000000000268e+02,2.486150000000000091e+02
2.661080000000000041e+02,2.542450000000000045e+02
2.606519999999999868e+02,2.589940000000000282e+02
2.597620000000000005e+02,2.596820000000000164e+02
2.548710000000000093e+02,2.613079999999999927e+02
2.397119999999999891e+02,2.661080000000000041e+02
2.145149999999999864e+02,2.830210000000000150e+02
2.036579999999999870e+02,3.071970000000000027e+02
2.002230000000000132e+02,3.185500000000000114e+02
1.982390000000000043e+02,3.247259999999999991e+02
1.967189999999999941e+02,3.284440000000000168e+02
1.840469999999999970e+02,3.512429999999999950e+02
1.876040000000000134e+02,3.646539999999999964e+02
1.701109999999999900e+02,3.663450000000000273e+02
1.660560000000000116e+02,3.658050000000000068e+02
1.656150000000000091e+02,3.650649999999999977e+02
1.625600000000000023e+02,3.595950000000000273e+02
1.590420000000000016e+02,3.530480000000000018e+02
1.541999999999999886e+02,3.440849999999999795e+02
1.485500000000000114e+02,3.340989999999999895e+02
1.477050000000000125e+02,3.327760000000000105e+02
1.542560000000000002e+02,3.260830000000000268e+02
1.626620000000000061e+02,3.071800000000000068e+02
1.694209999999999923e+02,2.824820000000000277e+02
1.620360000000000014e+02,2.605339999999999918e+02
1.600329999999999870e+02,2.538209999999999980e+02
1.587220000000000084e+02,2.479499999999999886e+02
1.579089999999999918e+02,2.423679999999999950e+02
1.575949999999999989e+02,2.372520000000000095e+02
1.577500000000000000e+02,2.332810000000000059e+02
1.583660000000000139e+02,2.294869999999999948e+02
1.600140000000000100e+02,2.235500000000000114e+02
1.624660000000000082e+02,2.154230000000000018e+02
1.652580000000000098e+02,2.065610000000000070e+02
1.683609999999999900e+02,1.963720000000000141e+02
1.712940000000000111e+02,1.854470000000000027e+02
1.738449999999999989e+02,1.743729999999999905e+02
1.759929999999999950e+02,1.632789999999999964e+02
1.777470000000000141e+02,1.522520000000000095e+02
1.793199999999999932e+02,1.399639999999999986e+02
1.798369999999999891e+02,1.286270000000000095e+02
1.848990000000000009e+02,1.288880000000000052e+02
1.913720000000000141e+02,1.292429999999999950e+02
1.913720000000000141e+02,1.292439999999999998e+02
2.004050000000000011e+02,1.298089999999999975e+02
2.064869999999999948e+02,1.302400000000000091e+02
2.154120000000000061e+02,1.310420000000000016e+02
2.619619999999999891e+02,1.326860000000000070e+02
2.639030000000000200e+02,1.274789999999999992e+02
2.802599999999999909e+02,1.293329999999999984e+02
nan,nan
2.796979999999999791e+02,1.343009999999999877e+02
2.838340000000000032e+02,1.347669999999999959e+02
2.838340000000000032e+02,1.347680000000000007e+02
2.902149999999999750e+02,1.355279999999999916e+02
3.095939999999999941e+02,1.382560000000000002e+02
3.135489999999999782e+02,1.498050000000000068e+02
3.234979999999999905e+02,1.577059999999999889e+02
3.229590000000000032e+02,1.637659999999999911e+02
3.221279999999999859e+02,1.713720000000000141e+02
3.211170000000000186e+02,1.796200000000000045e+02
3.199279999999999973e+02,1.884780000000000086e+02
3.190600000000000023e+02,1.942839999999999918e+02
3.155360000000000014e+02,1.984360000000000070e+02
3.106890000000000214e+02,2.038029999999999973e+02
3.053489999999999895e+02,2.095149999999999864e+02
2.996929999999999836e+02,2.153640000000000043e+02
2.938829999999999814e+02,2.211959999999999980e+02
2.878639999999999759e+02,2.270900000000000034e+02
2.814769999999999754e+02,2.332249999999999943e+02
2.751100000000000136e+02,2.392330000000000041e+02
2.689370000000000118e+02,2.449439999999999884e+02
2.627889999999999873e+02,2.505049999999999955e+02
2.574820000000000277e+02,2.551239999999999952e+02
2.573770000000000095e+02,2.552050000000000125e+02
2.533230000000000075e+02,2.565529999999999973e+02
2.375200000000000102e+02,2.615570000000000164e+02
2.105399999999999920e+02,2.796669999999999732e+02
1.989650000000000034e+02,3.054420000000000073e+02
1.954370000000000118e+02,3.171000000000000227e+02
1.935389999999999873e+02,3.230090000000000146e+02
1.922030000000000030e+02,3.262760000000000105e+02
1.786970000000000027e+02,3.505760000000000218e+02
1.812609999999999957e+02,3.602429999999999950e+02
1.701990000000000123e+02,3.613120000000000118e+02
1.691690000000000111e+02,3.611750000000000114e+02
1.669470000000000027e+02,3.571970000000000027e+02
1.634439999999999884e+02,3.506759999999999877e+02
1.585759999999999934e+02,3.416650000000000205e+02
1.539689999999999941e+02,3.335230000000000246e+02
1.584590000000000032e+02,3.289370000000000118e+02
1.673849999999999909e+02,3.088650000000000091e+02
1.746459999999999866e+02,2.823319999999999936e+02
1.667940000000000111e+02,2.589940000000000282e+02
1.648750000000000000e+02,2.525649999999999977e+02
1.636419999999999959e+02,2.470430000000000064e+02
1.628870000000000005e+02,2.418549999999999898e+02
1.626009999999999991e+02,2.371899999999999977e+02
1.627340000000000089e+02,2.337789999999999964e+02
1.632560000000000002e+02,2.305629999999999882e+02
1.648170000000000073e+02,2.249399999999999977e+02
1.672529999999999859e+02,2.168669999999999902e+02
1.700339999999999918e+02,2.080409999999999968e+02
1.731680000000000064e+02,1.977489999999999952e+02
1.761459999999999866e+02,1.866570000000000107e+02
1.787369999999999948e+02,1.754099999999999966e+02
1.809180000000000064e+02,1.641469999999999914e+02
1.826970000000000027e+02,1.529619999999999891e+02
1.843050000000000068e+02,1.403959999999999866e+02
1.846020000000000039e+02,1.338779999999999859e+02
1.846419999999999959e+02,1.338810000000000002e+02
1.846419999999999959e+02,1.338799999999999955e+02
1.908990000000000009e+02,1.342239999999999895e+02
2.000929999999999893e+02,1.347990000000000066e+02
2.000929999999999893e+02,1.347980000000000018e+02
2.060569999999999879e+02,1.352210000000000036e+02
2.150999999999999943e+02,1.360339999999999918e+02
2.653879999999999768e+02,1.378100000000000023e+02
2.672219999999999800e+02,1.328870000000000005e+02
2.796979999999999791e+02,1.343009999999999877e+02
nan,nan
2.791370000000000005e+02,1.392690000000000055e+02
2.831499999999999773e+02,1.397220000000000084e+02
2.895810000000000173e+02,1.404869999999999948e+02
3.058580000000000041e+02,1.427789999999999964e+02
3.092930000000000064e+02,1.528100000000000023e+02
3.182789999999999964e+02,1.599449999999999932e+02
3.179830000000000041e+02,1.632769999999999868e+02
3.171650000000000205e+02,1.707640000000000100e+02
3.161610000000000014e+02,1.789550000000000125e+02
3.149719999999999800e+02,1.878079999999999927e+02
3.143249999999999886e+02,1.921349999999999909e+02
3.117819999999999823e+02,1.951310000000000002e+02
3.070009999999999764e+02,2.004250000000000114e+02
3.017250000000000227e+02,2.060689999999999884e+02
2.961250000000000000e+02,2.118600000000000136e+02
2.903410000000000082e+02,2.176670000000000016e+02
2.843999999999999773e+02,2.234840000000000089e+02
2.780450000000000159e+02,2.295879999999999939e+02
2.716779999999999973e+02,2.355960000000000036e+02
2.655409999999999968e+02,2.412729999999999961e+02
2.595059999999999718e+02,2.467330000000000041e+02
2.548679999999999950e+02,2.507690000000000055e+02
2.517539999999999907e+02,2.518040000000000020e+02
2.353280000000000030e+02,2.570059999999999718e+02
2.065649999999999977e+02,2.763129999999999882e+02
1.942719999999999914e+02,3.036870000000000118e+02
1.906510000000000105e+02,3.156510000000000105e+02
1.888400000000000034e+02,3.212869999999999777e+02
1.876860000000000070e+02,3.241109999999999900e+02
1.733470000000000084e+02,3.499089999999999918e+02
1.749180000000000064e+02,3.558319999999999936e+02
1.720649999999999977e+02,3.561080000000000041e+02
1.713460000000000036e+02,3.548199999999999932e+02
1.678460000000000036e+02,3.483050000000000068e+02
1.629519999999999982e+02,3.392450000000000045e+02
1.601719999999999970e+02,3.343330000000000268e+02
1.626620000000000061e+02,3.317909999999999968e+02
1.721080000000000041e+02,3.105500000000000114e+02
1.798710000000000093e+02,2.821820000000000164e+02
1.715600000000000023e+02,2.574800000000000182e+02
1.697170000000000130e+02,2.513079999999999927e+02
1.685620000000000118e+02,2.461349999999999909e+02
1.678650000000000091e+02,2.413439999999999941e+02
1.676059999999999945e+02,2.371279999999999859e+02
1.677179999999999893e+02,2.342760000000000105e+02
1.681459999999999866e+02,2.316390000000000100e+02
1.696200000000000045e+02,2.263300000000000125e+02
1.720219999999999914e+02,2.183700000000000045e+02
1.748100000000000023e+02,2.095209999999999866e+02
1.779749999999999943e+02,1.991260000000000048e+02
1.809979999999999905e+02,1.878669999999999902e+02
1.836289999999999907e+02,1.764470000000000027e+02
1.858429999999999893e+02,1.650149999999999864e+02
1.876469999999999914e+02,1.536719999999999970e+02
1.892909999999999968e+02,1.408280000000000030e+02
1.893619999999999948e+02,1.392489999999999952e+02
1.896419999999999959e+02,1.392700000000000102e+02
1.896419999999999959e+02,1.391610000000000014e+02
1.905869999999999891e+02,1.392129999999999939e+02
1.905869999999999891e+02,1.392139999999999986e+02
1.998859999999999957e+02,1.397949999999999875e+02
2.056260000000000048e+02,1.402019999999999982e+02
2.147880000000000109e+02,1.410260000000000105e+02
2.688149999999999977e+02,1.429339999999999975e+02
2.705419999999999732e+02,1.382949999999999875e+02
2.791370000000000005e+02,1.392690000000000055e+02
nan,nan
2.785749999999999886e+02,1.442369999999999948e+02
2.825590000000000259e+02,1.446860000000000070e+02
2.825590000000000259e+02,1.446870000000000118e+02
2.889470000000000027e+02,1.454459999999999980e+02
3.021220000000000141e+02,1.473019999999999925e+02
3.050369999999999777e+02,1.558149999999999977e+02
3.130600000000000023e+02,1.621860000000000070e+02
3.130070000000000050e+02,1.627839999999999918e+02
3.122019999999999982e+02,1.701560000000000059e+02
3.112049999999999841e+02,1.782889999999999873e+02
3.100160000000000196e+02,1.871419999999999959e+02
3.095899999999999750e+02,1.899850000000000136e+02
3.080140000000000100e+02,1.918420000000000130e+02
3.033149999999999977e+02,1.970449999999999875e+02
2.980989999999999895e+02,2.026250000000000000e+02
2.925819999999999936e+02,2.083309999999999889e+02
2.867980000000000018e+02,2.141380000000000052e+02
2.809359999999999786e+02,2.198779999999999859e+02
2.746129999999999995e+02,2.259509999999999934e+02
2.682459999999999809e+02,2.319590000000000032e+02
2.621870000000000118e+02,2.375649999999999977e+02
2.561899999999999977e+02,2.429890000000000043e+02
2.523410000000000082e+02,2.463389999999999986e+02
2.502259999999999991e+02,2.470420000000000016e+02
2.331359999999999957e+02,2.524550000000000125e+02
2.025900000000000034e+02,2.729590000000000032e+02
1.895790000000000077e+02,3.019309999999999832e+02
1.858700000000000045e+02,3.141840000000000259e+02
1.841370000000000005e+02,3.195790000000000077e+02
1.831709999999999923e+02,3.219409999999999741e+02
1.710589999999999975e+02,3.437320000000000277e+02
1.673280000000000030e+02,3.368249999999999886e+02
1.663760000000000048e+02,3.351429999999999723e+02
1.668640000000000043e+02,3.346460000000000150e+02
1.768309999999999889e+02,3.122350000000000136e+02
1.850960000000000036e+02,2.820319999999999823e+02
1.763280000000000030e+02,2.559730000000000132e+02
1.745579999999999927e+02,2.500469999999999970e+02
1.734819999999999993e+02,2.452270000000000039e+02
1.728429999999999893e+02,2.408329999999999984e+02
1.726119999999999948e+02,2.370660000000000025e+02
1.727019999999999982e+02,2.347740000000000009e+02
1.730349999999999966e+02,2.327179999999999893e+02
1.744259999999999877e+02,2.277079999999999984e+02
1.767909999999999968e+02,2.198729999999999905e+02
1.795860000000000127e+02,2.110000000000000000e+02
1.827820000000000107e+02,2.005029999999999859e+02
1.858499999999999943e+02,1.890769999999999982e+02
1.885209999999999866e+02,1.774840000000000089e+02
1.907680000000000007e+02,1.658830000000000098e+02
1.925970000000000084e+02,1.543820000000000050e+02
1.938489999999999895e+02,1.445989999999999895e+02
1.946419999999999959e+02,1.446589999999999918e+02
1.946419999999999959e+02,1.444759999999999991e+02
1.995740000000000123e+02,1.447849999999999966e+02
2.051949999999999932e+02,1.451829999999999927e+02
2.144759999999999991e+02,1.460180000000000007e+02
2.722429999999999950e+02,1.480579999999999927e+02
2.738639999999999759e+02,1.437030000000000030e+02
2.785749999999999886e+02,1.442369999999999948e+02
nan,nan
2.780129999999999768e+02,1.492050000000000125e+02
2.819049999999999727e+02,1.496440000000000055e+02
2.883079999999999927e+02,1.504050000000000011e+02
2.983849999999999909e+02,1.518240000000000123e+02
3.007810000000000059e+02,1.588199999999999932e+02
3.078009999999999877e+02,1.643950000000000102e+02
3.072389999999999759e+02,1.695480000000000018e+02
3.062490000000000236e+02,1.776229999999999905e+02
3.050620000000000118e+02,1.864600000000000080e+02
3.048550000000000182e+02,1.878360000000000127e+02
3.042599999999999909e+02,1.885370000000000061e+02
2.996290000000000191e+02,1.936649999999999920e+02
2.945040000000000191e+02,1.991490000000000009e+02
2.890129999999999768e+02,2.048269999999999982e+02
2.832549999999999955e+02,2.106090000000000089e+02
2.774719999999999800e+02,2.162719999999999914e+02
2.711809999999999832e+02,2.223139999999999930e+02
2.648140000000000214e+02,2.283220000000000027e+02
2.587909999999999968e+02,2.338940000000000055e+02
2.529070000000000107e+02,2.392170000000000130e+02
2.498120000000000118e+02,2.419099999999999966e+02
2.486980000000000075e+02,2.422800000000000011e+02
2.309439999999999884e+02,2.479050000000000011e+02
1.986150000000000091e+02,2.696050000000000182e+02
1.859840000000000089e+02,2.977280000000000086e+02
1.903209999999999980e+02,2.818820000000000050e+02
1.810960000000000036e+02,2.544660000000000082e+02
1.793990000000000009e+02,2.487829999999999870e+02
1.784029999999999916e+02,2.443220000000000027e+02
1.778209999999999980e+02,2.403220000000000027e+02
1.776179999999999950e+02,2.370049999999999955e+02
1.776850000000000023e+02,2.352760000000000105e+02
1.779259999999999877e+02,2.337899999999999920e+02
1.792290000000000134e+02,2.290989999999999895e+02
1.815780000000000030e+02,2.213180000000000121e+02
1.815769999999999982e+02,2.213170000000000073e+02
1.843619999999999948e+02,2.124790000000000134e+02
1.875889999999999986e+02,2.018799999999999955e+02
1.907019999999999982e+02,1.902870000000000061e+02
1.934130000000000109e+02,1.785209999999999866e+02
1.956930000000000121e+02,1.667510000000000048e+02
1.975469999999999970e+02,1.550920000000000130e+02
1.982059999999999889e+02,1.499430000000000121e+02
1.996419999999999959e+02,1.500519999999999925e+02
1.996419999999999959e+02,1.498019999999999925e+02
2.048129999999999882e+02,1.501680000000000064e+02
2.141639999999999873e+02,1.510099999999999909e+02
2.756709999999999923e+02,1.531819999999999879e+02
2.771859999999999786e+02,1.491109999999999900e+02
2.780129999999999768e+02,1.492050000000000125e+02
nan,nan
2.813149999999999977e+02,1.546080000000000041e+02
2.813149999999999977e+02,1.546090000000000089e+02
2.876689999999999827e+02,1.553640000000000043e+02
2.946490000000000009e+02,1.563470000000000084e+02
2.965249999999999773e+02,1.618249999999999886e+02
3.025299999999999727e+02,1.665939999999999941e+02
3.022679999999999723e+02,1.689989999999999952e+02
3.012860000000000014e+02,1.770149999999999864e+02
3.001250000000000000e+02,1.856539999999999964e+02
2.959429999999999836e+02,1.902860000000000014e+02
2.908779999999999859e+02,1.957050000000000125e+02
2.854449999999999932e+02,2.013230000000000075e+02
2.797119999999999891e+02,2.070809999999999889e+02
2.740090000000000146e+02,2.126659999999999968e+02
2.677490000000000236e+02,2.186769999999999925e+02
2.613820000000000050e+02,2.246850000000000023e+02
2.554370000000000118e+02,2.301860000000000070e+02
2.495960000000000036e+02,2.354699999999999989e+02
2.472849999999999966e+02,2.374799999999999898e+02
2.471270000000000095e+02,2.375329999999999870e+02
2.287520000000000095e+02,2.433549999999999898e+02
1.946399999999999864e+02,2.662509999999999764e+02
1.921790000000000020e+02,2.717280000000000086e+02
1.858609999999999900e+02,2.529499999999999886e+02
1.842400000000000091e+02,2.475219999999999914e+02
1.833230000000000075e+02,2.434139999999999873e+02
1.827990000000000066e+02,2.398100000000000023e+02
1.826229999999999905e+02,2.369430000000000121e+02
1.826680000000000064e+02,2.357800000000000011e+02
1.828170000000000073e+02,2.348609999999999900e+02
1.840320000000000107e+02,2.304900000000000091e+02
1.863720000000000141e+02,2.227340000000000089e+02
1.891380000000000052e+02,2.139590000000000032e+02
1.923959999999999866e+02,2.032570000000000050e+02
1.955540000000000020e+02,1.914970000000000141e+02
1.983050000000000068e+02,1.795579999999999927e+02
2.006179999999999950e+02,1.676189999999999998e+02
2.024970000000000141e+02,1.558019999999999925e+02
2.025620000000000118e+02,1.552880000000000109e+02
2.046419999999999959e+02,1.554459999999999980e+02
2.046419999999999959e+02,1.551719999999999970e+02
2.138509999999999991e+02,1.560020000000000095e+02
2.790989999999999895e+02,1.583060000000000116e+02
2.805079999999999814e+02,1.545169999999999959e+02
2.813149999999999977e+02,1.546080000000000041e+02
nan,nan
2.870299999999999727e+02,1.603230000000000075e+02
2.909130000000000109e+02,1.608700000000000045e+02
2.922690000000000055e+02,1.648300000000000125e+02
2.972559999999999718e+02,1.687899999999999920e+02
2.963229999999999791e+02,1.764070000000000107e+02
2.953759999999999764e+02,1.834519999999999982e+02
2.922570000000000050e+02,1.869070000000000107e+02
2.872520000000000095e+02,1.922609999999999957e+02
2.818770000000000095e+02,1.978189999999999884e+02
2.761689999999999827e+02,2.035529999999999973e+02
2.705459999999999923e+02,2.090589999999999975e+02
2.643170000000000073e+02,2.150399999999999920e+02
2.579499999999999886e+02,2.210480000000000018e+02
2.520409999999999968e+02,2.265149999999999864e+02
2.462849999999999966e+02,2.317220000000000084e+02
2.447789999999999964e+02,2.330320000000000107e+02
2.265600000000000023e+02,2.388050000000000068e+02
1.937789999999999964e+02,2.608059999999999832e+02
1.906289999999999907e+02,2.514430000000000121e+02
1.890809999999999889e+02,2.462580000000000098e+02
1.882429999999999950e+02,2.425070000000000050e+02
1.877769999999999868e+02,2.393009999999999877e+02
1.876279999999999859e+02,2.368789999999999907e+02
1.876510000000000105e+02,2.362839999999999918e+02
1.877090000000000032e+02,2.359269999999999925e+02
1.888290000000000077e+02,2.318990000000000009e+02
1.911409999999999911e+02,2.242369999999999948e+02
1.939139999999999873e+02,2.154389999999999930e+02
1.972030000000000030e+02,2.046339999999999861e+02
2.004060000000000059e+02,1.927069999999999936e+02
2.031970000000000027e+02,1.805949999999999989e+02
2.055430000000000064e+02,1.684869999999999948e+02
2.067920000000000016e+02,1.606229999999999905e+02
2.096419999999999959e+02,1.608400000000000034e+02
2.096419999999999959e+02,1.606419999999999959e+02
2.135380000000000109e+02,1.609939999999999998e+02
2.825280000000000200e+02,1.634300000000000068e+02
2.838240000000000123e+02,1.599420000000000073e+02
2.870299999999999727e+02,1.603230000000000075e+02
nan,nan
2.871759999999999877e+02,1.653919999999999959e+02
2.880129999999999768e+02,1.678350000000000080e+02
2.919519999999999982e+02,1.709629999999999939e+02
2.913600000000000136e+02,1.757990000000000066e+02
2.906270000000000095e+02,1.812510000000000048e+02
2.886039999999999850e+02,1.834929999999999950e+02
2.836259999999999764e+02,1.888170000000000073e+02
2.783090000000000259e+02,1.943149999999999977e+02
2.726709999999999923e+02,1.999799999999999898e+02
2.670830000000000268e+02,2.054519999999999982e+02
2.608849999999999909e+02,2.114029999999999916e+02
2.545180000000000007e+02,2.174110000000000014e+02
2.486450000000000102e+02,2.228439999999999941e+02
2.429699999999999989e+02,2.279780000000000086e+02
2.422789999999999964e+02,2.285790000000000077e+02
2.243679999999999950e+02,2.342549999999999955e+02
1.964290000000000020e+02,2.530049999999999955e+02
1.953940000000000055e+02,2.499290000000000020e+02
1.939230000000000018e+02,2.450010000000000048e+02
1.931630000000000109e+02,2.415970000000000084e+02
1.927549999999999955e+02,2.387920000000000016e+02
1.926370000000000005e+02,2.368660000000000139e+02
1.936260000000000048e+02,2.333089999999999975e+02
1.959099999999999966e+02,2.257400000000000091e+02
1.986899999999999977e+02,2.169190000000000111e+02
2.020099999999999909e+02,2.060109999999999957e+02
2.052580000000000098e+02,1.939170000000000016e+02
2.080889999999999986e+02,1.816320000000000050e+02
2.104679999999999893e+02,1.693549999999999898e+02
2.110070000000000050e+02,1.659579999999999984e+02
2.146419999999999959e+02,1.662350000000000136e+02
2.146419999999999959e+02,1.660360000000000014e+02
2.859580000000000268e+02,1.685540000000000020e+02
2.871340000000000146e+02,1.653859999999999957e+02
2.871759999999999877e+02,1.653919999999999959e+02
nan,nan
2.865939999999999941e+02,1.735790000000000077e+02
2.863969999999999914e+02,1.751910000000000025e+02
2.858779999999999859e+02,1.790490000000000066e+02
2.849130000000000109e+02,1.801189999999999998e+02
2.800020000000000095e+02,1.853710000000000093e+02
2.747400000000000091e+02,1.908120000000000118e+02
2.691270000000000095e+02,1.964530000000000030e+02
2.636200000000000045e+02,2.018449999999999989e+02
2.574529999999999745e+02,2.077659999999999911e+02
2.510860000000000127e+02,2.137740000000000009e+02
2.452909999999999968e+02,2.191359999999999957e+02
2.397709999999999866e+02,2.241279999999999859e+02
2.221759999999999877e+02,2.297050000000000125e+02
1.991810000000000116e+02,2.451359999999999957e+02
1.987649999999999864e+02,2.437439999999999998e+02
1.980829999999999984e+02,2.406889999999999930e+02
1.977330000000000041e+02,2.382810000000000059e+02
1.976790000000000020e+02,2.373950000000000102e+02
1.984230000000000018e+02,2.347189999999999941e+02
2.006790000000000020e+02,2.272429999999999950e+02
2.034660000000000082e+02,2.183979999999999961e+02
2.068170000000000073e+02,2.073880000000000052e+02
2.101100000000000136e+02,1.951270000000000095e+02
2.129809999999999945e+02,1.826690000000000111e+02
2.151850000000000023e+02,1.712909999999999968e+02
2.196419999999999959e+02,1.716310000000000002e+02
2.196419999999999959e+02,1.712150000000000034e+02
2.865939999999999941e+02,1.735790000000000077e+02
nan,nan
2.797309999999999945e+02,1.783389999999999986e+02
2.763779999999999859e+02,1.819240000000000066e+02
2.711709999999999923e+02,1.873089999999999975e+02
2.656290000000000191e+02,1.928799999999999955e+02
2.601569999999999823e+02,1.982379999999999995e+02
2.540209999999999866e+02,2.041289999999999907e+02
2.476539999999999964e+02,2.101370000000000005e+02
2.418950000000000102e+02,2.154650000000000034e+02
2.372230000000000132e+02,2.196899999999999977e+02
2.199840000000000089e+02,2.251550000000000011e+02
2.031260000000000048e+02,2.364670000000000130e+02
2.032199999999999989e+02,2.361279999999999859e+02
2.054480000000000075e+02,2.287460000000000093e+02
2.082419999999999902e+02,2.198770000000000095e+02
2.116239999999999952e+02,2.087649999999999864e+02
2.149619999999999891e+02,1.963369999999999891e+02
2.178729999999999905e+02,1.837059999999999889e+02
2.192460000000000093e+02,1.766150000000000091e+02
2.246419999999999959e+02,1.770269999999999868e+02
2.246419999999999959e+02,1.763940000000000055e+02
2.797309999999999945e+02,1.783389999999999986e+02
nan,nan
2.684370000000000118e+02,1.829430000000000121e+02
2.676019999999999754e+02,1.838060000000000116e+02
2.621309999999999718e+02,1.893069999999999879e+02
2.566940000000000168e+02,1.946310000000000002e+02
2.505889999999999986e+02,2.004919999999999902e+02
2.442220000000000084e+02,2.065000000000000000e+02
2.384989999999999952e+02,2.117940000000000111e+02
2.346750000000000114e+02,2.152520000000000095e+02
2.177920000000000016e+02,2.206049999999999898e+02
2.120380000000000109e+02,2.244650000000000034e+02
2.130180000000000007e+02,2.213559999999999945e+02
2.164310000000000116e+02,2.101419999999999959e+02
2.198139999999999930e+02,1.975469999999999970e+02
2.227649999999999864e+02,1.847429999999999950e+02
2.233069999999999879e+02,1.819389999999999930e+02
2.296419999999999959e+02,1.824230000000000018e+02
2.296419999999999959e+02,1.815730000000000075e+02
2.684370000000000118e+02,1.829430000000000121e+02
nan,nan
2.567939999999999827e+02,1.875349999999999966e+02
2.532309999999999945e+02,1.910240000000000009e+02
2.471570000000000107e+02,1.968549999999999898e+02
2.407899999999999920e+02,2.028629999999999995e+02
2.351450000000000102e+02,2.080850000000000080e+02
2.321250000000000000e+02,2.108149999999999977e+02
2.203120000000000118e+02,2.145600000000000023e+02
2.212379999999999995e+02,2.115190000000000055e+02
2.246659999999999968e+02,1.987570000000000050e+02
2.273149999999999977e+02,1.872589999999999861e+02
2.346419999999999959e+02,1.878199999999999932e+02
2.346419999999999959e+02,1.867520000000000095e+02
2.567939999999999827e+02,1.875349999999999966e+02
nan,nan
2.448720000000000141e+02,1.921160000000000139e+02
2.437249999999999943e+02,1.932179999999999893e+02
2.373580000000000041e+02,1.992259999999999991e+02
2.317920000000000016e+02,2.043760000000000048e+02
2.295769999999999982e+02,2.063770000000000095e+02
2.276299999999999955e+02,2.069939999999999998e+02
2.295180000000000007e+02,1.999670000000000130e+02
2.312210000000000036e+02,1.925720000000000027e+02
2.396419999999999959e+02,1.932170000000000130e+02
2.396419999999999959e+02,1.919310000000000116e+02
2.448720000000000141e+02,1.921160000000000139e+02
